 -94506.334    11.755     0.00    2.97
 -94131.195    10.523    -3.29    2.28
 -93756.158    10.006    -1.38    2.12
 -93381.223     9.395    -1.63    1.91
 -93006.389     8.785    -1.63    1.76
 -92631.656     8.042    -1.98    1.91
 -92257.025     8.090     0.13    2.63
 -91882.495     9.828     4.64    4.67
 -91508.066    13.849    10.74    7.38
 -91133.738    18.067    11.27    8.12
 -90759.511    21.573     9.37    6.55
 -90385.385    22.871     3.47    4.49
 -90011.360    22.630    -0.64    3.61
 -89637.435    20.911    -4.60    4.41
 -89263.611    18.297    -6.99    4.85
 -88889.888    14.955    -8.94    4.51
 -88516.265    12.885    -5.54    4.01
 -88142.742    11.460    -3.82    4.07
 -87769.320    13.168     4.58    5.37
 -87395.998    16.345     8.51    6.34
 -87022.776    19.498     8.45    5.66
 -86649.655    20.663     3.12    4.44
 -86276.633    19.804    -2.30    4.43
 -85903.711    19.027    -2.09    3.95
 -85530.889    18.973    -0.15    3.36
 -85158.167    19.174     0.54    3.41
 -84785.544    20.550     3.69    3.21
 -84413.021    21.027     1.28    3.61
 -84040.597    21.410     1.03    4.78
 -83668.273    21.381    -0.08    5.89
 -83296.049    20.239    -3.07    6.61
 -82923.923    18.598    -4.41    7.92
 -82551.897    16.175    -6.51    8.26
 -82179.970    13.406    -7.45    8.59
 -81808.141    11.177    -5.99    8.36
 -81436.412     9.285    -5.09    7.78
 -81064.782     9.243    -0.11    7.25
 -80693.250     9.753     1.37    6.78
 -80321.817    10.162     1.10    5.69
 -79950.483    10.498     0.91    4.40
 -79579.247     9.496    -2.70    4.21
 -79208.110     9.860     0.98    4.21
 -78837.071    11.763     5.13    5.67
 -78466.130    14.042     6.15    6.89
 -78095.288    17.482     9.27    7.69
 -77724.544    19.386     5.14    7.24
 -77353.898    19.269    -0.32    7.22
 -76983.350    17.443    -4.93    7.69
 -76612.899    16.441    -2.71    8.24
 -76242.547    16.138    -0.82    8.45
 -75872.292    16.679     1.46    9.03
 -75502.135    16.292    -1.05    8.59
 -75132.076    15.483    -2.19    6.99
 -74762.114    15.299    -0.50    5.41
 -74392.250    16.831     4.14    5.50
 -74022.483    19.718     7.81    5.47
 -73652.813    21.515     4.86    5.50
 -73283.241    23.011     4.05    5.44
 -72913.765    23.243     0.63    5.09
 -72544.387    22.269    -2.64    4.66
 -72175.106    21.144    -3.05    3.75
 -71805.921    19.901    -3.37    2.18
 -71436.834    19.841    -0.16    2.05
 -71067.843    21.171     3.60    3.13
 -70698.949    22.813     4.45    3.14
 -70330.151    23.964     3.12    2.78
 -69961.450    24.691     1.97    2.13
 -69592.846    24.491    -0.54    2.43
 -69224.338    22.910    -4.29    3.55
 -68855.926    22.805    -0.28    3.88
 -68487.610    22.436    -1.00    4.72
 -68119.391    23.519     2.94    5.72
 -67751.267    25.994     6.72    5.53
 -67383.240    26.570     1.57    5.38
 -67015.308    29.378     7.63    5.81
 -66647.472    31.393     5.48    6.02
 -66279.732    34.138     7.46    6.44
 -65912.088    37.224     8.39    5.77
 -65544.539    38.681     3.97    5.57
 -65177.086    38.539    -0.39    5.50
 -64809.729    38.677     0.38    5.50
 -64442.466    38.879     0.55    4.82
 -64075.299    39.996     3.04    4.09
 -63708.228    42.749     7.50    3.79
 -63341.251    44.347     4.35    3.06
 -62974.370    44.566     0.60    3.13
 -62607.583    45.381     2.22    3.25
 -62240.892    45.833     1.23    3.51
 -61874.295    45.901     0.18    3.21
 -61507.793    44.843    -2.89    3.49
 -61141.386    42.139    -7.38    5.31
 -60775.073    38.507    -9.92    7.25
 -60408.855    34.051   -12.17    9.42
 -60042.732    30.747    -9.02    9.38
 -59676.703    28.685    -5.63    8.67
 -59310.768    26.754    -5.28    6.77
 -58944.928    27.163     1.12    6.68
 -58579.182    28.244     2.96    7.75
 -58213.529    30.379     5.84    8.65
 -57847.971    33.720     9.14    9.26
 -57482.507    37.460    10.23    9.67
 -57117.137    40.480     8.27    9.68
 -56751.861    44.011     9.67    9.29
 -56386.678    48.472    12.22    9.79
 -56021.589    52.312    10.52    9.70
 -55656.594    58.162    16.03    7.05
 -55291.692    62.342    11.46    4.56
 -54926.884    64.841     6.85    3.50
 -54562.169    66.495     4.53    2.78
 -54197.547    66.654     0.44    2.81
 -53833.019    66.457    -0.54    3.54
 -53468.584    67.129     1.84    4.07
 -53104.242    68.171     2.86    4.36
 -52739.993    69.776     4.41    3.96
 -52375.837    70.886     3.05    3.83
 -52011.774    70.893     0.02    3.74
 -51647.803    69.128    -4.85    5.23
 -51283.926    66.519    -7.17    6.31
 -50920.141    63.860    -7.31    6.09
 -50556.448    61.918    -5.34    6.06
 -50192.849    60.209    -4.70    6.38
 -49829.341    59.318    -2.45    7.02
 -49465.926    58.836    -1.33    6.76
 -49102.604    57.715    -3.09    7.02
 -48739.373    55.701    -5.54    7.98
 -48359.261    53.803    -4.99    7.40
 -47976.392    54.814     2.64    7.69
 -47593.628    59.236    11.55    9.58
 -47210.971    64.137    12.81    9.04
 -46828.419    67.490     8.76    6.80
 -46445.973    65.615    -4.90    7.38
 -46063.632    61.371   -11.10    6.71
 -45681.398    56.911   -11.67    6.98
 -45299.268    50.987   -15.50    9.23
 -44917.245    42.354   -22.60    9.63
 -44535.326    31.835   -27.54   11.82
 -44153.513    19.906   -31.24   14.49
 -43771.805     8.567   -29.71   12.85
 -43390.202     2.659   -15.48    8.33
 -43008.704     1.001    -4.35    5.63
 -42627.311     3.614     6.85    5.83
 -42246.022     7.173     9.33    4.36
 -41864.839     8.651     3.88    2.97
 -41483.760     8.578    -0.19    3.35
 -41102.785     7.839    -1.94    3.89
 -40721.915     6.378    -3.84    4.60
 -40341.150     5.568    -2.13    5.06
 -39960.489     4.979    -1.55    4.90
 -39579.932     5.946     2.54    6.15
 -39199.479     8.583     6.93    7.67
 -38819.130    11.312     7.18    8.86
 -38438.885    13.514     5.79   10.70
 -38058.744    15.566     5.40   12.57
 -37678.707    18.496     7.71   14.09
 -37298.773    20.424     5.07   14.40
 -36918.943    21.930     3.97   14.31
 -36539.217    20.124    -4.76   14.28
 -36159.594    17.479    -6.97   12.99
 -35780.074    12.362   -13.48    8.19
 -35400.658     9.956    -6.34    6.38
 -35021.345     8.610    -3.55    9.14
 -34642.135     7.243    -3.60   12.68
 -34263.028     5.403    -4.85   14.45
 -33884.024     1.176   -11.15   12.41
 -33505.122    -2.291    -9.15    6.49
 -33126.324    -3.396    -2.92    2.26
 -32747.628    -2.181     3.21    4.72
 -32369.035    -0.354     4.83    8.17
 -31990.545     1.817     5.74   10.31
 -31612.156     2.546     1.93   10.60
 -31233.871     2.302    -0.65    9.71
 -30855.687     2.138    -0.43    8.64
 -30477.606     1.986    -0.40    7.80
 -30099.627     1.617    -0.98    7.74
 -29721.749     1.971     0.94    9.11
 -29343.974     1.958    -0.03    9.63
 -28966.301     1.638    -0.85    9.22
 -28588.729     1.740     0.27    8.84
 -28211.259     3.823     5.52   11.67
 -27833.891     7.495     9.73   16.04
 -27456.624    10.673     8.42   19.13
 -27079.459    16.455    15.33   22.92
 -26702.395    20.734    11.35   25.04
 -26325.432    26.058    14.13   26.74
 -25948.571    29.583     9.35   28.01
 -25571.810    33.526    10.47   28.40
 -25195.151    36.043     6.68   29.59
 -24818.593    38.446     6.38   29.48
 -24442.135    42.173     9.90   26.81
 -24065.779    43.463     3.43   24.19
 -23689.523    46.283     7.49   18.70
 -23313.368    43.200    -8.20   18.63
 -22937.313    41.009    -5.83   20.41
 -22561.359    42.303     3.44   23.41
 -22185.505    42.422     0.32   24.99
 -21809.751    45.718     8.77   25.38
 -21434.098    45.741     0.06   26.05
 -21058.545    43.962    -4.74   26.65
 -20683.092    46.138     5.80   28.09
 -20307.739    46.083    -0.15   29.34
 -19932.486    46.707     1.66   30.56
 -19557.332    44.454    -6.01   29.58
 -19182.279    41.262    -8.51   27.82
 -18807.325    38.190    -8.19   23.17
 -18432.470    35.670    -6.72   20.66
 -18057.716    35.721     0.14   19.63
 -17683.060    32.916    -7.49   18.26
 -17308.504    29.710    -8.56   15.33
 -16934.048    27.823    -5.04   10.56
 -16559.690    26.411    -3.77    6.72
 -16185.432    26.302    -0.29    5.66
 -15811.272    26.483     0.48    4.93
 -15437.212    25.623    -2.30    5.00
 -15063.251    24.200    -3.81    4.18
 -14689.388    23.915    -0.76    4.30
 -14315.624    24.448     1.43    5.01
 -13941.959    26.107     4.44    5.15
 -13568.392    26.928     2.20    5.12
 -13194.924    27.260     0.89    4.67
 -12821.554    27.507     0.66    4.21
 -12448.282    28.189     1.83    3.60
 -12075.109    27.839    -0.94    3.24
 -11702.034    27.287    -1.48    3.37
 -11329.057    25.612    -4.49    3.32
 -10956.178    24.623    -2.65    2.83
 -10583.397    25.060     1.17    3.28
 -10210.714    25.633     1.54    3.24
  -9838.129    25.467    -0.45    3.19
  -9465.641    24.184    -3.44    3.76
  -9093.252    21.939    -6.03    3.79
  -8720.959    19.497    -6.56    3.52
  -8348.764    17.205    -6.16    3.66
  -7976.667    16.019    -3.19    3.68
  -7604.667    15.556    -1.24    3.58
  -7232.764    15.938     1.03    3.91
  -6860.958    16.392     1.22    4.29
  -6489.249    16.770     1.02    4.04
  -6117.638    14.403    -6.37    4.36
  -5746.123    12.701    -4.58    3.58
  -5374.706    12.108    -1.60    2.33
  -5003.385    12.195     0.23    2.49
  -4632.160    12.948     2.03    2.51
  -4261.033    13.712     2.06    2.61
  -3890.002    14.494     2.11    2.37
  -3519.067    14.552     0.16    2.58
  -3148.229    13.659    -2.41    3.56
  -2777.488    12.263    -3.76    4.54
  -2406.842    10.428    -4.95    4.14
  -2036.293     8.791    -4.42    3.42
  -1665.840     8.931     0.38    3.67
  -1295.483    11.180     6.07    5.28
   -925.221    10.699    -1.30    7.03
   -555.056     8.018    -7.24    8.80
   -184.987     3.835   -11.30    8.19
    184.987     2.102    -4.68    6.52
    554.865     9.420    19.78   15.21
    924.647    21.059    31.48   21.56
   1294.334    34.905    37.45   23.67
   1663.925    48.938    37.97   22.31
   2033.422    63.436    39.24   19.45
   2402.822    76.763    36.08   15.77
   2772.128    84.643    21.34   13.94
   3141.338    90.598    16.13   13.90
   3510.453    96.305    15.46   14.75
   3879.474    99.299     8.11   13.79
   4248.399   102.500     8.68   12.18
   4617.230   105.246     7.44   10.26
   4985.965   108.485     8.79    9.69
   5354.606   111.274     7.56    7.37
   5723.153   111.583     0.84    9.31
   6091.604   107.585   -10.85   14.68
   6459.962    97.134   -28.37   19.50
   6828.225    85.303   -32.13   20.13
   7196.393    75.026   -27.91   13.45
   7564.467    70.324   -12.78    7.65
   7932.448    70.212    -0.30    7.74
   8300.334    71.289     2.93    6.44
   8668.125    69.693    -4.34    5.69
   9035.823    66.961    -7.43    5.39
   9403.427    63.268   -10.05    4.92
   9770.937    58.801   -12.16    6.29
  10138.354    54.663   -11.26    6.28
  10505.677    51.332    -9.07    4.73
  10872.906    49.527    -4.92    4.06
  11240.041    47.476    -5.58    5.10
  11607.083    45.131    -6.39    5.80
  11974.032    43.575    -4.24    5.63
  12340.887    42.342    -3.36    6.02
  12707.649    43.132     2.16    8.38
  13074.318    46.912    10.31   10.13
  13440.894    51.974    13.81   10.40
  13807.377    57.970    16.36   10.21
  14173.766    63.778    15.85   11.11
  14540.063    69.177    14.74   12.01
  14906.267    71.414     6.11   10.82
  15272.378    70.246    -3.19   10.56
  15638.397    64.535   -15.61   10.98
  16004.323    57.888   -18.16   10.56
  16370.156    50.356   -20.59    7.68
  16735.897    47.563    -7.64    6.27
  17101.545    48.920     3.71    9.04
  17467.101    53.496    12.52   13.20
  17832.565    61.026    20.60   12.30
  18197.937    67.772    18.46    9.40
  18563.216    70.359     7.08    8.32
  18928.404    70.254    -0.29    8.87
  19293.499    69.968    -0.78    8.65
  19658.503    70.907     2.57    8.42
  20023.415    75.587    12.82    9.17
  20388.235    82.110    17.88   10.37
  20752.963    94.423    33.76   16.31
  21117.599   108.099    37.51   22.25
  21482.144   122.797    40.32   22.37
  21846.598   139.514    45.87   19.76
  22210.960   150.669    30.61   17.75
  22575.231   159.304    23.71   15.02
  22939.410   165.617    17.33   12.94
  23303.498   168.864     8.92   14.58
  23667.495   168.938     0.20   18.87
  24031.401   161.960   -19.17   24.93
  24395.216   149.092   -35.37   29.05
  24758.940   133.869   -41.85   31.52
  25122.573   117.663   -44.57   30.26
  25486.115   102.166   -42.63   28.66
  25849.567    90.727   -31.47   28.95
  26222.507    82.623   -21.73   31.83
  26605.226    85.924     8.62   39.52
  26987.842    96.831    28.51   45.37
  27370.354   112.926    42.08   49.49
  27752.762   130.431    45.78   54.68
  28135.067   145.327    38.96   55.70
  28517.268   145.763     1.14   55.68
  28899.366   129.709   -42.01   57.10
  29281.361    97.992   -83.03   48.04
  29663.252    68.871   -76.25   39.35
  30045.041    48.628   -53.02   24.20
  30426.726    37.481   -29.20   17.27
  30808.308    32.797   -12.27   15.73
  31189.788    28.960   -10.06   13.03
  31571.165    27.175    -4.68    9.06
  31952.439    28.304     2.96    7.77
  32333.610    36.360    21.13   13.71
  32714.679    46.974    27.85   17.41
  33095.645    58.970    31.49   16.96
  33476.509    68.568    25.20   13.52
  33857.271    77.426    23.26    8.72
  34237.930    84.707    19.13    8.36
  34618.488    91.035    16.63   10.05
  34998.943    98.141    18.68   13.22
  35379.297   106.843    22.88   17.07
  35759.548   115.192    21.95   17.76
  36139.698   119.535    11.42   13.57
  36519.746   116.142    -8.93   13.91
  36899.692   106.076   -26.49   17.59
  37279.537    92.376   -36.07   17.06
  37659.280    82.551   -25.87   16.88
  38038.922    75.254   -19.22   15.60
  38418.463    76.392     3.00   15.14
  38797.902    84.976    22.62   21.61
  39177.240   103.547    48.96   26.50
  39556.477   122.811    50.80   21.20
  39935.613   140.009    45.36   14.21
  40314.649   153.141    34.65   13.85
  40693.583   165.463    32.52   15.60
  41072.417   175.395    26.22   16.25
  41451.150   183.572    21.59   16.10
  41829.782   189.926    16.78   15.03
  42208.314   196.149    16.44   13.62
  42586.745   202.716    17.35   15.88
  42965.076   211.764    23.92   19.42
  43343.307   222.471    28.31   23.80
  43721.438   237.690    40.25   26.10
  44099.468   254.613    44.76   27.80
  44477.399   272.219    46.59   28.30
  44855.229   286.902    38.86   26.20
  45232.960   297.669    28.50   22.42
  45610.590   303.768    16.15   18.41
  45988.121   308.992    13.84   16.79
  46365.553   317.043    21.33   18.43
  46742.885   329.127    32.02   19.49
  47120.117   345.684    43.89   19.41
  47497.250   359.422    36.43   15.96
  47874.284   369.395    26.45   10.12
  48251.218   370.707     3.48   10.49
  48628.053   364.893   -15.43   18.06
  49004.789   360.522   -11.60   21.41
  49381.426   360.630     0.29   20.79
  49757.965   361.643     2.69   19.75
  50134.404   346.464   -40.32   31.92
  50510.744   318.543   -74.19   47.57
  50886.986   273.208  -120.49   57.87
  51263.129   232.613  -107.92   54.50
  51639.174   191.539  -109.22   47.58
  52015.120   163.641   -74.20   41.14
  52390.968   138.129   -67.88   25.29
  52766.717   121.126   -45.25   16.35
  53142.368   111.335   -26.06   12.54
  53517.921   108.556    -7.40   11.68
  53893.376   113.567    13.35   16.86
  54268.733   123.614    26.76   19.41
  54643.992   138.289    39.11   19.46
  55019.153   150.757    33.23   18.74
  55394.216   164.060    35.47   18.04
  55769.182   173.407    24.93   14.96
  56144.050   180.261    18.28   12.15
  56518.820   184.151    10.38   11.47
  56893.493   188.732    12.23   11.88
  57268.069   195.476    18.00   11.94
  57642.547   202.455    18.63   11.33
  58016.928   208.088    15.05    9.54
  58391.212   205.506    -6.90   12.68
  58765.398   196.713   -23.50   18.78
  59139.488   183.379   -35.64   20.95
  59513.481   173.076   -27.55   17.06
  59887.376   163.889   -24.57   13.53
  60261.175   160.547    -8.94   11.89
  60634.878   161.916     3.66   10.21
  61008.483   165.729    10.21   10.99
  61381.992   172.424    17.93   11.20
  61755.405   178.824    17.14   10.62
  62128.721   181.776     7.91   11.47
  62501.940   184.771     8.02   12.66
  62875.064   188.228     9.26   12.03
  63248.091   188.522     0.79   10.15
  63621.022   183.611   -13.17   11.40
  63993.857   176.035   -20.32   15.50
  64366.596   166.069   -26.74   13.60
  64739.240   159.002   -18.96    9.38
  65111.787   160.518     4.07   11.93
  65484.238   166.869    17.05   14.23
  65856.594   170.927    10.90   13.17
  66228.855   171.905     2.63   11.61
  66601.019   171.601    -0.82   10.64
  66973.089   171.092    -1.37    8.62
  67345.062   172.650     4.19    8.20
  67716.941   178.076    14.59    8.40
  68088.724   183.112    13.54    8.85
  68460.412   189.101    16.11    9.80
  68832.005   195.663    17.66    7.61
  69203.503   200.710    13.59    5.73
  69574.906   201.760     2.83    5.72
  69946.214   199.967    -4.83    8.85
  70317.428   192.785   -19.35   13.81
  70688.546   183.925   -23.87   15.85
  71059.570   174.126   -26.41   14.04
  71430.500   168.696   -14.64   12.64
  71801.334   166.730    -5.30   11.14
  72172.075   166.514    -0.58   11.54
  72542.721   165.909    -1.63   12.42
  72913.273   164.429    -3.99   11.68
  73283.730   166.200     4.78   10.51
  73654.093   165.783    -1.13   11.06
  74024.362   164.595    -3.21   13.39
  74394.538   167.646     8.24   16.37
  74764.619   171.368    10.06   18.87
  75134.606   177.992    17.90   17.68
  75504.500   184.580    17.81   11.52
  75874.300   186.122     4.17    7.43
  76244.006   182.803    -8.98    8.64
  76613.618   178.641   -11.26    9.87
  76983.137   168.348   -27.85   15.88
  77352.563   154.443   -37.64   22.46
  77721.895   140.245   -38.44   22.69
  78091.134   131.791   -22.90   18.60
  78460.280   129.153    -7.14   15.94
  78829.332   128.026    -3.05   14.10
  79198.292   122.351   -15.38   15.12
  79567.158   116.955   -14.63   14.59
  79935.932   112.069   -13.25   11.40
  80304.612   110.026    -5.54   12.03
  80673.200   108.190    -4.98   14.05
  81041.695   101.293   -18.72   16.50
  81410.097    92.770   -23.13   15.00
  81778.407    84.505   -22.44   12.75
  82146.624    76.547   -21.61   11.78
  82514.749    68.884   -20.82   10.84
  82882.781    64.704   -11.36    6.50
  83250.721    64.670    -0.09    5.53
  83618.569    68.026     9.12    5.77
  83986.325    71.458     9.33    4.09
  84353.988    72.017     1.52    3.13
  84721.559    70.933    -2.95    3.40
  85089.039    68.826    -5.73    4.22
  85456.426    67.427    -3.81    4.77
  85823.722    66.766    -1.80    5.95
  86190.926    66.984     0.59    6.94
  86558.038    66.599    -1.05    6.58
  86925.059    63.858    -7.47    5.41
  87291.988    60.789    -8.36    4.64
  87658.825    58.144    -7.21    3.86
  88025.571    56.001    -5.84    3.81
  88392.226    55.226    -2.12    4.06
  88758.790    58.051     7.71    6.80
  89125.262    59.480     3.90    7.16
  89491.643    60.999     4.15    7.09
  89857.933    60.893    -0.29    7.18
  90224.132    59.693    -3.28    7.24
  90590.240    58.670    -2.79    8.01
  90956.257    55.823    -7.78    8.80
  91322.183    51.716   -11.22    7.39
  91688.019    47.001   -12.89    5.31
  92053.764    43.614    -9.26    3.74
  92419.418    41.787    -5.00    2.68
  92784.982    39.749    -5.57    2.91
  93150.455    38.069    -4.60    3.32
  93515.838    35.716    -6.44    3.64
  93881.130    33.295    -6.63    2.93
  94246.332    32.159    -3.11    2.67
  94611.444    32.272     0.31    2.97
  94976.466    32.976     1.93    3.11
  95341.398    33.853     2.40    3.05
  95706.240    34.497     1.77    3.20
  96070.992    35.455     2.63    3.20
  96435.654    36.289     2.29    3.43
  96800.226    36.219    -0.19    3.59
  97164.708    35.891    -0.90    3.42
  97529.101    34.628    -3.47    3.55
  97893.404    32.766    -5.11    3.46
  98257.618    32.009    -2.08    3.26
  98621.742    32.514     1.39    4.36
  98985.777    35.958     9.46    7.39
  99349.722    42.889    19.04   10.09
  99713.578    52.186    25.55   11.83
 100077.345    59.501    20.11   10.78
 100441.023    65.954    17.74   10.47
 100807.271    69.892    10.75   11.09
 101189.832    72.610     7.10   10.68
 101572.291    78.331    14.96   12.70
 101954.649    83.690    14.01   14.12
 102336.905    88.857    13.52   13.14
 102719.061    92.146     8.61   10.70
 103101.115    95.339     8.36   10.13
 103483.068    98.651     8.67   11.33
 103864.920   105.665    18.37   15.04
 104246.671   113.362    20.16   16.04
 104628.321   121.602    21.59   15.17
 105009.871   125.992    11.51   14.13
 105391.320   127.171     3.09   14.24
 105772.668   124.704    -6.47   16.42
 106153.916   114.941   -25.61   24.32
 106535.063    95.716   -50.44   31.03
 106916.110    76.280   -51.00   31.77
 107297.057    56.774   -51.20   20.46
 107677.903    47.170   -25.21    6.92
 108058.650    45.097    -5.44    0.24
 108439.296    46.505     3.70    3.61
 108819.842    50.052     9.32    7.36
 109200.289    56.289    16.39   11.91
 109580.635    64.492    21.57   17.50
 109960.882    73.907    24.76   20.49
 110341.030    80.110    16.32   19.62
 110721.077    84.574    11.75   17.15
 111101.025    82.623    -5.14   13.42
 111480.874    82.916     0.77    9.24
 111860.623    88.193    13.89   10.59
 112240.273    96.689    22.38   13.08
 112619.824   110.445    36.24   18.32
 112999.276   124.137    36.08   18.98
 113378.629   139.052    39.31   14.75
 113757.882   148.221    24.18   11.25
 114137.037   152.689    11.78    7.43
 114516.093   151.976    -1.88    9.42
 114895.051   147.642   -11.44   10.99
 115273.909   140.177   -19.70   14.51
 115652.669   128.368   -31.18   22.58
 116031.331   109.941   -48.66   21.82
 116409.894    95.864   -37.18   18.62
 116788.359    80.638   -40.23   13.56
 117166.725    72.611   -21.21   10.83
 117544.994    69.588    -7.99    8.00
 117923.164    70.645     2.79    7.81
 118301.236    74.216     9.44    7.99
 118679.210    79.394    13.70    9.12
 119057.086    84.514    13.55    9.85
 119434.865    90.522    15.90    9.26
 119812.545    95.462    13.08   12.11
 120190.128   102.889    19.67   12.60
 120567.614   111.826    23.67   12.25
 120945.002   118.681    18.16   10.98
 121322.292   124.018    14.14   12.01
 121699.485   127.905    10.31   13.51
 122076.581   131.946    10.71   13.54
 122453.579   139.606    20.32   12.45
 122830.481   148.371    23.25   11.90
 123207.285   156.450    21.44   13.62
 123583.992   163.802    19.52   13.41
 123960.603   174.960    29.62   16.66
 124337.116   186.509    30.67   17.10
 124713.533   196.500    26.54   12.83
 125089.853   200.129     9.64    9.57
 125466.076   201.445     3.50    9.57
 125842.203   200.958    -1.29    9.16
 126218.234   202.095     3.02    8.37
 126594.168   202.932     2.23    6.40
 126970.005   200.814    -5.63    7.43
 127345.747   199.209    -4.27    7.30
 127721.392   200.746     4.09    7.79
 128096.941   203.871     8.32    8.12
 128472.394   209.272    14.38    8.46
 128847.751   215.861    17.55   10.66
 129223.012   220.974    13.63   11.77
 129598.177   222.155     3.15   10.80
 129973.247   219.267    -7.70    9.90
 130348.221   217.060    -5.88    7.88
 130723.099   214.419    -7.05    4.79
 131097.882   214.892     1.26    4.01
 131472.569   213.742    -3.07    4.36
 131847.161   212.647    -2.92    5.01
 132221.658   209.368    -8.75    7.67
 132596.059   207.374    -5.33    7.71
 132970.365   210.145     7.40    9.95
 133344.576   214.669    12.09   12.59
 133718.693   226.190    30.79   13.20
 134092.714   235.950    26.09   12.40
 134466.640   241.193    14.02   10.92
 134840.471   242.240     2.80   11.50
 135214.208   240.771    -3.93   12.01
 135587.850   239.931    -2.25   10.20
 135961.398   240.509     1.55    8.86
 136334.851   240.769     0.70    9.57
 136708.209   243.407     7.07    9.73
 137081.473   243.671     0.71    8.82
 137454.643   243.923     0.67    6.51
 137827.718   243.000    -2.47    5.34
 138200.700   241.009    -5.34    5.83
 138573.587   241.582     1.54    6.50
 138946.380   245.151     9.57    8.27
 139319.080   249.522    11.73    9.07
 139691.685   251.751     5.98   13.59
 140064.197   253.730     5.31   13.74
 140436.614   253.949     0.59   12.40
 140808.939   253.330    -1.66    9.14
 141181.169   256.411     8.27    7.80
 141553.306   261.782    14.43    8.58
 141925.350   268.374    17.72    8.78
 142297.300   274.974    17.74    7.88
 142669.157   279.866    13.16    6.83
 143040.921   278.975    -2.40    8.95
 143412.591   274.255   -12.70   11.98
 143784.168   268.328   -15.95   10.21
 144155.653   262.748   -15.02    5.45
 144527.044   259.698    -8.21    5.59
 144898.342   258.035    -4.48    6.43
 145269.548   255.392    -7.12    6.62
 145640.661   253.018    -6.40    8.36
 146011.681   249.789    -8.70    9.66
 146382.608   249.165    -1.68    8.40
 146753.443   251.351     5.89    9.17
 147124.186   255.244    10.50   11.04
 147494.836   262.340    19.14    9.09
 147865.393   268.813    17.47    6.31
 148235.859   274.578    15.56    8.06
 148606.232   280.026    14.71    9.37
 148976.513   286.162    16.57    8.05
 149346.702   290.500    11.72    6.29
 149716.799   292.578     5.61    6.39
 150086.804   294.655     5.61    6.56
 150456.717   296.274     4.38    7.52
 150826.538   297.614     3.62    8.73
 151196.268   296.724    -2.41   10.43
 151565.906   293.583    -8.50   11.17
 151935.452   291.974    -4.36    9.90
 152304.907   291.197    -2.10    7.91
 152674.270   290.626    -1.55    5.70
 153043.542   289.374    -3.39    5.88
 153412.722   286.843    -6.85    5.11
 153781.812   284.350    -6.75    4.43
 154150.810   283.206    -3.10    5.74
 154519.717   285.145     5.26    7.65
 154888.533   284.362    -2.12    8.32
 155257.258   280.385   -10.78   11.02
 155625.892   269.877   -28.50   15.21
 155994.435   257.607   -33.29   16.23
 156362.887   244.897   -34.49   12.56
 156731.249   238.930   -16.20    7.70
 157099.520   241.992     8.31   12.03
 157467.701   253.374    30.91   18.79
 157835.790   268.965    42.35   19.76
 158203.790   283.701    40.04   14.92
 158571.699   293.739    27.28   12.09
 158939.518   298.217    12.17   15.37
 159307.246   298.701     1.32   19.42
 159674.884   294.173   -12.32   21.63
 160042.432   287.238   -18.86   22.27
 160409.890   275.913   -30.82   21.71
 160777.259   267.317   -23.40   18.76
 161144.537   261.635   -15.47   11.60
 161511.725   268.756    19.39   16.99
 161878.824   281.254    34.04   22.99
 162245.832   301.469    55.08   26.46
 162612.751   318.457    46.29   23.18
 162979.581   334.162    42.81   14.68
 163346.321   343.695    25.99    9.80
 163712.971   350.235    17.83    9.84
 164079.532   356.945    18.30   12.08
 164446.004   362.174    14.27   12.91
 164812.387   364.344     5.92   13.18
 165178.680   362.035    -6.31   13.30
 165544.884   360.102    -5.28   11.51
 165910.999   359.054    -2.86    8.55
 166277.025   362.261     8.76    7.63
 166642.962   366.339    11.14    6.95
 167008.810   371.174    13.21    5.96
 167374.570   374.069     7.92    5.48
 167740.241   378.438    11.95    5.35
 168105.822   382.574    11.31    6.44
 168471.316   387.139    12.49    7.58
 168836.721   393.035    16.13    5.81
 169202.037   395.095     5.64    4.23
 169567.265   395.517     1.16    3.57
 169932.404   395.157    -0.98    3.74
 170297.455   396.586     3.91    5.78
 170662.418   402.894    17.28   10.94
 171027.293   412.765    27.05   13.35
 171392.080   420.374    20.86   10.01
 171756.778   424.722    11.92    5.05
 172121.389   423.121    -4.39    6.68
 172485.911   418.459   -12.79    9.93
 172850.346   407.824   -29.18   18.16
 173214.693   396.462   -31.18   21.42
 173578.953   383.136   -36.58   19.79
 173943.124   370.722   -34.08   17.85
 174307.208   365.713   -13.76   14.89
 174671.205   363.266    -6.72   10.51
 175035.114   361.147    -5.82   12.64
 175398.935   358.521    -7.22   16.00
 175777.492   351.809   -17.73   18.58
 176159.788   343.626   -21.40   14.52
 176541.984   342.469    -3.03   11.21
 176924.082   346.930    11.67   12.30
 177306.080   351.356    11.58   13.19
 177687.980   355.817    11.68   14.45
 178069.781   357.420     4.20   17.81
 178451.483   352.695   -12.38   21.16
 178833.087   343.229   -24.80   23.24
 179214.592   327.513   -41.19   26.13
 179595.999   308.597   -49.59   25.66
 179977.307   286.235   -58.64   27.05
 180358.517   267.973   -47.90   23.53
 180739.629   259.252   -22.88   14.38
 181120.643   261.956     7.10   16.43
 181501.558   278.831    44.30   26.16
 181882.376   296.887    47.41   26.07
 182263.096   316.374    51.18   18.60
 182643.718   331.807    40.54   17.80
 183024.242   342.720    28.68   18.36
 183404.668   351.669    23.52   16.11
 183784.997   356.807    13.51   13.58
 184165.228   356.139    -1.76   12.41
 184545.362   357.088     2.50   13.57
 184925.398   361.635    11.96   15.67
 185305.337   367.061    14.28   13.44
 185685.179   372.008    13.02   12.06
 186064.924   369.751    -5.94   16.00
 186444.571   366.421    -8.77   16.64
 186824.122   370.774    11.47   18.32
 187203.576   377.049    16.54   20.00
