# NaN NaN NaN ;Mean Elev.(m), Avg Gradient(m/km), RMS Gradient(m/km) - SRTM1     
#   14.732  -0.185   1.943 ;Mean Elev.(m), Avg Gradient(m/km), RMS Gradient(m/km) - ASTER GDEM
#    1.183  -0.029   2.446 ;Mean Elev.(m), Avg Gradient(m/km), RMS Gradient(m/km) - GMTED2010 
  7     4.945 52470.18222056 34.98 113.542617  72.925396 33.145
  7     3.803 52470.18222121 29.58 113.536707  72.922536 33.145
  7     0.840 52470.18222185 26.53 113.530797  72.919676 33.145
  8   302.623 52505.18220344 34.18 113.544490  72.927911 28.365
  8   302.493 52505.18220408 24.38 113.538580  72.925051 28.365
  8   301.140 52505.18220473 25.78 113.532670  72.922191 28.365
  8   297.037 52505.18220537 30.32 113.526770  72.919321 28.365
 10    -0.096 52575.18223232 21.24 113.544895  72.924080  4.515
 10    -0.002 52575.18223296 20.84 113.538985  72.921220  4.515
 10     0.125 52575.18223360 20.53 113.533085  72.918360  4.515
 11    -0.385 52610.18219263 18.70 113.542849  72.926781  3.811
 11    -0.227 52610.18219328 17.81 113.536939  72.923911  3.811
 11     0.039 52610.18219392 16.67 113.531029  72.921051  3.811
 11     0.294 52610.18219457 16.52 113.525129  72.918191  3.811
 13    -0.692 52680.18215883 18.53 113.543440  72.925132  5.563
 13    -0.118 52680.18215948 18.39 113.537530  72.922272  5.563
 13     0.054 52680.18216012 18.33 113.531630  72.919402  5.563
 15     8.391 52750.18222957 12.96 113.561297  72.944192  4.648
 15     1.010 52750.18223021 12.64 113.555377  72.941332  4.648
 15     0.604 52750.18223085 13.80 113.549457  72.938472  4.648
 15     0.676 52750.18223150 13.92 113.543547  72.935612  4.648
 15     0.567 52750.18223214 14.36 113.537627  72.932752  4.648
 15     0.554 52750.18223279 14.82 113.531717  72.929892  4.648
 15     0.424 52750.18223343 15.78 113.525807  72.927032  4.648
 15     0.489 52750.18223408 16.07 113.519897  72.924162  4.648
 15     0.618 52750.18223472 14.93 113.513987  72.921302  4.648
 20     0.472 52925.18228334 24.31 113.550947  72.937165 16.772
 20     0.622 52925.18228398 23.30 113.545037  72.934295 16.772
 20     0.701 52925.18228463 25.03 113.539127  72.931435 16.772
 20     0.601 52925.18228527 28.08 113.533217  72.928575 16.772
 20     0.438 52925.18228592 24.04 113.527307  72.925715 16.772
 20     0.568 52925.18228656 23.43 113.521397  72.922855 16.772
 20     0.735 52925.18228720 27.77 113.515487  72.919985 16.772
 23     0.441 53030.18224913 12.73 113.548364  72.934723  3.450
 23     0.396 53030.18224977 13.15 113.542454  72.931863  3.450
 23     0.327 53030.18225042 13.42 113.536544  72.929003  3.450
 23     0.461 53030.18225106 12.43 113.530634  72.926133  3.450
 23     0.935 53030.18225171 12.47 113.524724  72.923273  3.450
 23     2.238 53030.18225235 12.15 113.518824  72.920413  3.450
 25     0.517 53100.18226089  9.78 113.559075  72.942164  3.212
 25     2.499 53100.18226218  9.68 113.547245  72.936444  3.212
 25     0.702 53100.18226282 10.19 113.541325  72.933584  3.212
 25     0.961 53100.18226347  9.70 113.535415  72.930714  3.212
 25     3.740 53100.18226411 10.09 113.529505  72.927854  3.212
 25     1.874 53100.18226475  9.87 113.523595  72.924994  3.212
 25     1.882 53100.18226540 10.07 113.517695  72.922134  3.212
 25     2.800 53100.18226604 10.06 113.511785  72.919274  3.212
 28     5.110 53205.18232733 25.75 113.543507  72.923517 32.881
 28     4.357 53205.18232798 22.70 113.537597  72.920657 32.881
 29     0.622 53240.18229466 40.22 113.545092  72.927580 26.635
 29     5.075 53240.18229530 25.25 113.539182  72.924720 26.635
 29     4.277 53240.18229594 21.57 113.533282  72.921860 26.635
 29     4.537 53240.18229659 21.93 113.527372  72.918990 26.635
 31    -0.199 53310.18230955 23.08 113.545893  72.923035  4.863
 31    -0.043 53310.18231020 22.66 113.539973  72.920175  4.863
 32     0.063 53345.18227502 20.23 113.544888  72.927109  5.308
 32     0.335 53345.18227566 19.09 113.538978  72.924249  5.308
 32     0.417 53345.18227631 19.58 113.533068  72.921389  5.308
 32     0.370 53345.18227695 22.15 113.527158  72.918529  5.308
 36     0.072 53485.18233218 14.48 113.544042  72.922607  4.257
 36     0.332 53485.18233283 13.90 113.538132  72.919737  4.257
 37     0.182 53520.18232715 18.88 113.547472  72.925028  7.767
 37     0.336 53520.18232779 21.13 113.541562  72.922168  7.767
 37     0.319 53520.18232844 23.05 113.535652  72.919308  7.767
 38     5.497 53555.18234983 39.23 113.546990  72.928737 28.045
 38     5.455 53555.18235047 28.99 113.541070  72.925877 28.045
 38     4.923 53555.18235112 21.46 113.535160  72.923017 28.045
 38     4.244 53555.18235176 24.45 113.529250  72.920157 28.045
 38     4.793 53555.18235241 25.67 113.523350  72.917287 28.045
 39     5.382 53590.18229342 33.61 113.544191  72.926792 26.987
 39     5.119 53590.18229406 21.42 113.538281  72.923932 26.987
 39     4.220 53590.18229471 23.12 113.532371  72.921072 26.987
 39     4.536 53590.18229535 24.28 113.526471  72.918212 26.987
 42     0.255 53695.18227412 20.03 113.545934  72.929630  4.728
 42     0.319 53695.18227477 20.30 113.540014  72.926760  4.728
 42     0.419 53695.18227541 19.94 113.534104  72.923900  4.728
 42     0.514 53695.18227605 18.97 113.528204  72.921040  4.728
 42     0.696 53695.18227670 18.27 113.522294  72.918180  4.728
 43    -0.324 53730.18219647 22.44 113.544457  72.932911  6.884
 43    -0.403 53730.18219711 23.40 113.538547  72.930041  6.884
 43    -0.239 53730.18219776 22.87 113.532637  72.927181  6.884
 43    -0.212 53730.18219840 22.59 113.526727  72.924321  6.884
 43    -0.318 53730.18219905 22.22 113.520827  72.921461  6.884
 43    -0.282 53730.18219969 22.02 113.514917  72.918601  6.884
 45     0.019 53800.18216840 16.06 113.546294  72.930310  4.921
 45    -0.100 53800.18216905 16.45 113.540374  72.927450  4.921
 45     0.065 53800.18216969 16.25 113.534464  72.924590  4.921
 45     0.133 53800.18217034 16.16 113.528564  72.921730  4.921
 45     0.343 53800.18217098 15.77 113.522654  72.918860  4.921
 48     4.893 53905.18226691 32.04 113.544404  72.922370 27.062
 48     5.151 53905.18226755 31.88 113.538494  72.919510 27.062
 49     5.480 53940.18229858 32.02 113.542943  72.926386 31.609
 49     4.661 53940.18229922 22.96 113.537033  72.923526 31.609
 49     3.867 53940.18229987 24.22 113.531123  72.920666 31.609
 49     0.404 53940.18230051 26.95 113.525213  72.917806 31.609
 50     5.135 53975.18225573 35.66 113.544395  72.932451 29.972
 50     4.943 53975.18225638 29.59 113.538475  72.929591 29.972
 50     4.917 53975.18225702 23.59 113.532565  72.926731 29.972
 50     3.918 53975.18225767 21.62 113.526655  72.923861 29.972
 50     2.368 53975.18225831 23.92 113.520755  72.921001 29.972
 50     0.599 53975.18225896 41.90 113.514845  72.918141 29.972
 53     0.096 54080.18226403 16.53 113.545683  72.929113  3.857
 53     0.189 54080.18226468 15.31 113.539773  72.926253  3.857
 53     0.264 54080.18226532 14.92 113.533863  72.923393  3.857
 53     0.385 54080.18226597 14.84 113.527953  72.920533  3.857
 53     0.218 54080.18226661 14.56 113.522053  72.917673  3.857
 54    -0.281 54115.18219594 13.17 113.560947  72.943804  2.766
 54    -0.308 54115.18219658 13.35 113.555027  72.940944  2.766
 54    -0.231 54115.18219723 13.77 113.549107  72.938084  2.766
 54    -0.107 54115.18219787 13.69 113.543192  72.935226  3.430
 54     0.316 54115.18219852 13.95 113.537282  72.932356  3.430
 54     0.429 54115.18219916 14.31 113.531372  72.929496  3.430
 54     0.282 54115.18219981 13.92 113.525462  72.926636  3.430
 54     0.290 54115.18220045 13.52 113.519552  72.923776  3.430
 54     0.411 54115.18220110 13.14 113.513652  72.920906  3.430
 56     2.452 54185.18218865  8.81 113.548726  72.936347  3.085
 56     0.308 54185.18218930  9.02 113.542816  72.933477  3.085
 56     0.295 54185.18218994  9.46 113.536896  72.930617  3.085
 56     0.143 54185.18219058  9.25 113.530986  72.927757  3.085
 56     0.344 54185.18219123  8.97 113.525086  72.924897  3.085
 56     2.280 54185.18219187  8.25 113.519176  72.922037  3.085
 56     2.965 54185.18219252  7.62 113.513266  72.919167  3.085
 58     2.941 54255.18224619 39.05 113.543461  72.922630 23.454
 58     2.923 54255.18224683 37.32 113.537551  72.919770 23.454
 59     5.304 54290.18224840 31.13 113.546324  72.923830 26.674
 59     4.439 54290.18224905 27.53 113.540414  72.920970 26.674
 60     5.388 54325.18224597 27.63 113.545110  72.924163 25.008
 60     4.453 54325.18224662 24.22 113.539200  72.921303 25.008
 60     4.685 54325.18224726 24.16 113.533290  72.918443 25.008
 61     1.836 54360.18219572 32.60 113.562030  72.943534 26.137
 61     5.013 54360.18219701 36.08 113.550190  72.937814 26.137
 61     4.978 54360.18219766 35.05 113.544280  72.934954 26.137
 61     4.911 54360.18219830 32.78 113.538370  72.932084 26.137
 61     4.788 54360.18219895 30.00 113.532460  72.929224 26.137
 61     4.691 54360.18219959 21.79 113.526550  72.926364 26.137
 61     3.168 54360.18220024 25.19 113.520640  72.923504 26.137
 61     3.245 54360.18220088 25.55 113.514740  72.920634 26.137
 63    -0.225 54430.18214883 17.48 113.544243  72.929090  3.803
 63    -0.072 54430.18214948 16.94 113.538333  72.926230  3.803
 63    -0.072 54430.18215012 16.81 113.532423  72.923370  3.803
 63     0.361 54430.18215077 15.40 113.526513  72.920500  3.803
 63     0.144 54430.18215141 16.17 113.520605  72.917641  3.544
 65    -0.382 54500.18216087 14.01 113.545398  72.927550  4.450
 65     0.637 54500.18216151 12.22 113.539478  72.924690  4.450
 65     0.832 54500.18216216 12.19 113.533578  72.921830  4.450
 65     1.151 54500.18216280 12.35 113.527668  72.918960  4.450
 67     1.169 54570.18216304 10.79 113.544322  72.932093  3.234
 67     4.423 54570.18216369 11.61 113.538402  72.929233  3.234
 67     0.361 54570.18216433 11.56 113.532492  72.926373  3.234
 67     2.148 54570.18216497 10.22 113.526592  72.923513  3.234
 67     2.369 54570.18216562  9.95 113.520682  72.920643  3.234
 67     3.396 54570.18216626  9.16 113.514782  72.917783  3.234
 69     5.456 54640.18218463 29.69 113.542798  72.924924 27.470
 69     4.828 54640.18218527 28.81 113.536888  72.922054 27.470
 69     5.006 54640.18218592 29.40 113.530978  72.919194 27.470
 70     5.287 54675.18218719 24.83 113.542468  72.923538 28.793
 70     4.308 54675.18218783 24.94 113.536558  72.920668 28.793
 70     4.878 54675.18218848 23.57 113.530648  72.917808 28.793
 71     0.547 54710.18214247 52.12 113.544641  72.930847 34.242
 71     0.379 54710.18214311 54.08 113.538721  72.927987 34.242
 71     0.487 54710.18214376 51.21 113.532811  72.925127 34.242
 71     0.404 54710.18214440 52.97 113.526911  72.922267 34.242
 71     0.562 54710.18214505 51.93 113.521001  72.919397 34.242
 73    -0.299 54780.18212779 19.86 113.543237  72.924859  4.549
 73    -0.203 54780.18212843 19.80 113.537327  72.921989  4.549
 73     0.194 54780.18212908 18.65 113.531417  72.919129  4.549
 75     0.303 54850.18212551 20.51 113.546695  72.928948  9.699
 75     0.291 54850.18212615 19.33 113.540785  72.926088  9.699
 75     0.529 54850.18212680 18.71 113.534875  72.923228  9.699
 75     0.800 54850.18212744 21.29 113.528975  72.920358  9.699
 75     0.784 54850.18212809 26.17 113.523065  72.917498  9.699
 77     0.121 54920.18212446 16.20 113.558970  72.943315  8.535
 77     0.314 54920.18212510 16.82 113.553060  72.940445  8.535
 77     0.321 54920.18212574 17.76 113.547140  72.937585  8.535
 77     0.393 54920.18212639 18.89 113.541230  72.934725  8.535
 77     0.884 54920.18212703 16.20 113.535310  72.931865  8.535
 77     0.767 54920.18212768 16.46 113.529400  72.929005  8.535
 77     0.322 54920.18212832 16.65 113.523490  72.926135  8.535
 77     0.679 54920.18212897 16.42 113.517590  72.923275  8.535
 77     0.835 54920.18212961 18.68 113.511680  72.920415  8.535
 79     5.119 54990.18217034 35.66 113.543178  72.922673 26.228
 79     5.419 54990.18217098 34.22 113.537268  72.919803 26.228
 80     5.000 55025.18216118 38.43 113.543770  72.925787 27.438
 80     4.583 55025.18216182 24.66 113.537860  72.922917 27.438
 80     4.437 55025.18216247 21.70 113.531950  72.920057 27.438
 80     4.968 55025.18216311 23.92 113.526050  72.917197 27.438
 81     4.424 55060.18215564 22.94 113.542232  72.923163 25.709
 81     4.451 55060.18215628 23.08 113.536322  72.920293 25.709
 82     4.167 55095.18210368 34.58 113.559703  72.942505 14.936
 82     4.839 55095.18210497 33.33 113.547873  72.936775 14.936
 82     4.996 55095.18210561 30.12 113.541963  72.933915 14.936
 82     4.991 55095.18210626 28.79 113.536053  72.931055 14.936
 82     4.872 55095.18210690 25.28 113.530143  72.928195 14.936
 82    -0.205 55095.18210755 25.99 113.524233  72.925335 14.936
 82     0.239 55095.18210819 26.07 113.518323  72.922465 14.936
 82     0.569 55095.18210884 32.03 113.512423  72.919605 14.936
 84     0.119 55165.18206899 20.56 113.541871  72.925254  5.183
 84     0.150 55165.18206963 20.15 113.535961  72.922394  5.183
 84     0.076 55165.18207028 19.86 113.530061  72.919524  5.183
 86    -0.146 55235.18207373 21.47 113.544098  72.930683  7.097
 86    -0.113 55235.18207437 21.73 113.538188  72.927823  7.097
 86     0.336 55235.18207501 20.13 113.532278  72.924963  7.097
 86     0.575 55235.18207566 19.85 113.526378  72.922093  7.097
 86     0.815 55235.18207630 21.64 113.520468  72.919233  7.097
 87    -0.031 55270.18208380 16.11 113.546615  72.923779  4.664
 87     0.337 55270.18208445 15.76 113.540705  72.920909  4.664
 88     0.041 55305.18205345 17.08 113.549822  72.936171  6.857
 88     0.073 55305.18205409 18.15 113.543912  72.933311  6.857
 88     0.043 55305.18205473 19.47 113.537992  72.930451  6.857
 88     0.104 55305.18205538 20.07 113.532082  72.927591  6.857
 88     0.110 55305.18205602 20.29 113.526182  72.924731  6.857
 88     0.273 55305.18205667 19.37 113.520272  72.921861  6.857
 88     0.269 55305.18205731 18.58 113.514372  72.919001  6.857
 89     0.531 55340.18205559 37.95 113.542854  72.922084 16.632
 89     0.560 55340.18205624 37.37 113.536944  72.919214 16.632
 90     5.422 55375.18204717 33.58 113.544820  72.926369 25.652
 90     5.020 55375.18204782 25.02 113.538910  72.923499 25.652
 90     4.911 55375.18204846 23.77 113.533000  72.920639 25.652
 90     5.033 55375.18204911 27.29 113.527090  72.917779 25.652
 92     5.537 55445.18206353 33.93 113.546103  72.925637 28.493
 92     4.402 55445.18206418 24.06 113.540193  72.922777 28.493
 92     4.373 55445.18206482 23.87 113.534283  72.919907 28.493
 93     0.371 55480.18199554 38.54 113.556389  72.941973 23.537
 93     0.541 55480.18199619 45.58 113.550469  72.939113 23.537
 93     0.455 55480.18199683 50.08 113.544559  72.936243 23.537
 93     0.562 55480.18199747 41.73 113.538649  72.933383 23.537
 93     0.475 55480.18199812 36.93 113.532739  72.930523 23.537
 93     0.574 55480.18199876 39.93 113.526829  72.927663 23.537
 93     0.499 55480.18199941 44.13 113.520919  72.924803 23.537
 93     0.598 55480.18200005 40.59 113.515009  72.921933 23.537
 93     0.503 55480.18200070 35.70 113.509109  72.919073 23.537
