# NaN NaN NaN ;Mean Elev.(m), Avg Gradient(m/km), RMS Gradient(m/km) - SRTM1     
#   10.204  -3.677  12.079 ;Mean Elev.(m), Avg Gradient(m/km), RMS Gradient(m/km) - ASTER GDEM
#    2.000  -2.427   7.819 ;Mean Elev.(m), Avg Gradient(m/km), RMS Gradient(m/km) - GMTED2010 
  9 113.636102  72.620684     1.369     1.377  3 52521.18025141 30.133
 10 113.651632  72.617436     0.373     0.373  2 52556.18030256 34.086
 11 113.640955  72.619077     3.509     3.509  2 52591.18029414 19.690
 12 113.639830  72.620162     3.542     4.068  3 52626.18021506 16.328
 13 113.645102  72.618353     3.971     3.971  2 52661.18025857 15.442
 15 113.650566  72.618089     3.975     3.908  3 52731.18026439 14.262
 16 113.623718  72.621208     5.306     5.306  2 52766.18027425 10.329
 18 113.665889  72.618208     6.821     6.821  2 52836.18033943 17.866
 19 113.656010  72.618230     0.614     0.733  3 52871.18038058 28.472
 20 113.643615  72.619011     1.232     0.694  3 52906.18037726 27.070
 23 113.641563  72.619975     4.725     4.725  2 53011.18036036 12.451
 24 113.659023  72.616792     3.618     3.618  2 53046.18032469 12.260
 25 113.639010  72.620310     4.768     4.768  2 53081.18035912 11.893
 26 113.659161  72.618491     4.119     4.119  2 53116.18032926 11.570
 27 113.647236  72.618913    19.263    19.263  2 53151.18037734  7.455
 28 113.659384  72.617962     2.094     2.149  3 53186.18036408 51.331
 29 113.641411  72.618467     0.489     0.489  2 53221.18039083 27.200
 30 113.630653  72.622236     0.253     0.253  2 53256.18036699 28.500
 31 113.656888  72.617284     2.431     2.625  3 53291.18038026 25.582
 32 113.645324  72.617419     3.703     3.703  2 53326.18035522 17.753
 33 113.639522  72.619463     4.088     4.439  3 53361.18031285 14.048
 34 113.660268  72.618152     3.841     3.841  2 53396.18033217 14.745
 35 113.638845  72.620150     3.947     3.947  2 53431.18032467 13.994
 36 113.662930  72.616276     3.883     3.883  2 53466.18035562 11.434
 37 113.641722  72.618758     4.499     4.499  2 53501.18041317 10.060
 38 113.642121  72.617930     3.376     3.376  2 53536.18040315 49.345
 39 113.637924  72.619170     4.270     4.270  2 53571.18041106 23.277
 40 113.632635  72.622558     7.606     7.606  2 53606.18035869 18.921
 41 113.661939  72.617397     1.681     0.777  3 53641.18035865 23.725
 42 113.642542  72.618224     2.258     2.258  2 53676.18037856 19.780
 43 113.637728  72.621114     4.048     4.048  2 53711.18030782 12.995
 45 113.648135  72.617263     4.054     4.023  3 53781.18024991 14.108
 46 113.625168  72.620633     2.974     2.974  2 53816.18021805 13.965
 47 113.656300  72.616924     3.431     3.431  2 53851.18028601 12.437
 48 113.657132  72.617519     5.060     6.778  3 53886.18029421 20.883
 49 113.641127  72.618982     0.341     0.341  2 53921.18036442 29.096
 50 113.638565  72.620540     1.144     1.144  2 53956.18036126 47.657
 51 113.631928  72.621678     1.006     1.006  2 53991.18028057 30.408
 52 113.664616  72.617523     2.228     2.228  2 54026.18034602 27.574
 53 113.649826  72.617290     3.796     3.731  3 54061.18033996 17.270
 54 113.630541  72.619904     3.010     3.010  2 54096.18031325 12.136
 56 113.638742  72.620087     3.553     3.553  2 54166.18028518  8.724
 57 113.660139  72.617175     3.657     3.657  2 54201.18026373  8.970
 58 113.653071  72.617626     5.134     4.984  3 54236.18029991  8.541
 59 113.646453  72.618797     2.770     2.761  3 54271.18032071 50.706
 60 113.648718  72.617802     0.275     0.275  2 54306.18032348 27.290
 61 113.637971  72.619313     2.210     2.210  2 54341.18030510 51.653
 62 113.655908  72.617992     0.550     0.757  3 54376.18025786 32.373
 63 113.644481  72.618636     2.866     2.866  2 54411.18025178 21.235
 64 113.662182  72.615544     3.051     3.051  2 54446.18022227 13.589
 65 113.648347  72.618016     3.526     4.133  3 54481.18024337 11.843
 66 113.664114  72.616894     3.583     3.583  2 54516.18023620 10.211
 67 113.637588  72.619795     4.942     4.942  2 54551.18025629  9.067
 68 113.653130  72.618303     4.236     4.236  2 54586.18023181  8.258
 70 113.644228  72.618221     2.975     2.036  3 54656.18026125 26.036
 71 113.640682  72.619004     0.665     0.665  2 54691.18024596 29.845
 72 113.664031  72.618199     1.107     1.107  2 54726.18021192 21.638
 73 113.644164  72.618487     0.327     0.327  2 54761.18022292 24.386
 75 113.645614  72.618035     4.502     4.502  2 54831.18022330 10.071
 76 113.664283  72.617564     1.022     1.022  2 54866.18020058 21.776
 77 113.640887  72.621075     0.905     0.905  2 54901.18022197 14.937
 78 113.656839  72.617948     2.863     2.863  2 54936.18019132 10.478
 79 113.650787  72.617908     4.409     4.354  3 54971.18022400  7.521
 80 113.644612  72.619131     2.066     2.066  2 55006.18024344 50.976
 81 113.648583  72.618707     0.018     0.018  2 55041.18023148 34.558
 82 113.639011  72.619875     1.341     0.963  3 55076.18021273 27.832
 83 113.657102  72.617443     0.690     0.690  2 55111.18016406 41.917
 84 113.645094  72.619549     2.427     2.427  2 55146.18016634 20.553
 86 113.641723  72.618339     0.553     0.553  2 55216.18016111 23.495
 87 113.660711  72.617209     1.092     1.148  3 55251.18013867 19.537
 88 113.639412  72.621191     2.404     2.404  2 55286.18015437 13.399
 89 113.643000  72.617761     1.716     1.716  2 55321.18012877 12.293
 90 113.643775  72.618560     1.492     1.492  2 55356.18012896 48.734
 91 113.657604  72.618094     1.133     1.141  3 55391.18012952 48.902
 92 113.647054  72.617826     2.111     1.939  3 55426.18014561 22.474
 93 113.639271  72.620830     0.919     0.919  2 55461.18011268 22.336
