# NaN NaN NaN ;Mean Elev.(m), Avg Gradient(m/km), RMS Gradient(m/km) - SRTM1     
#   13.551  -0.428   3.468 ;Mean Elev.(m), Avg Gradient(m/km), RMS Gradient(m/km) - ASTER GDEM
#    1.038  -0.947   5.706 ;Mean Elev.(m), Avg Gradient(m/km), RMS Gradient(m/km) - GMTED2010 
  7 113.239502  72.844071     5.733     5.733  2 52467.52171726 20.459
  8 113.238493  72.848457     6.821     6.890  3 52502.52170873 20.867
 11 113.243686  72.847796     1.803     1.798  4 52607.52168951 16.981
 13 113.240485  72.850428    -0.070    -0.105  3 52677.52167309 16.008
 15 113.235351  72.847887     4.673     4.121  3 52747.52173289 11.108
 20 113.242751  72.850032     1.982     0.872  4 52922.52179067 37.898
 23 113.242005  72.853866     4.061     3.977  5 53027.52174511 10.973
 24 113.235419  72.846254     4.522     4.327  3 53062.52175269  9.806
 25 113.238131  72.850126     4.555     3.977  3 53097.52177446  9.305
 29 113.247056  72.849818     3.165     3.151  4 53237.52179606 28.280
 32 113.238364  72.848902     3.228     2.382  3 53342.52178356 14.746
 34 113.228344  72.850926     0.546     0.546  2 53412.52175987 16.378
 37 113.240454  72.845604     0.984     0.984  2 53517.52183097 28.862
 38 113.237122  72.843515     6.691     6.691  2 53552.52185176 20.891
 39 113.244435  72.848841     1.292     1.290  4 53587.52180477 51.761
 42 113.241894  72.846311    -0.270    -0.270  2 53692.52178412 18.996
 43 113.247494  72.853789     2.089     1.975  5 53727.52170863 19.410
 45 113.245368  72.850818     3.526     3.439  4 53797.52167494 14.242
 50 113.242683  72.846957     0.567     0.567  2 53972.52176532 42.382
 53 113.242901  72.847459     1.194     1.194  2 54077.52177003 15.044
 54 113.248650  72.852635     2.852     3.188  5 54112.52171007 12.946
 56 113.243772  72.853380     2.446     2.025  5 54182.52169846  9.239
 59 113.240599  72.846296     6.366     6.366  2 54287.52175201 19.654
 60 113.239459  72.845341     4.129     4.129  2 54322.52174910 26.440
 61 113.243952  72.853581     0.629     0.661  5 54357.52170872 51.594
 63 113.241609  72.848464     2.688     2.484  4 54427.52165802 18.385
 67 113.245873  72.851870     4.136     5.058  4 54567.52167168  9.812
 69 113.235465  72.846765     2.454     2.462  3 54637.52168757 52.035
 70 113.240114  72.845398     5.571     5.571  2 54672.52169052 19.213
 71 113.242732  72.850310     3.451     3.250  3 54707.52165065 25.619
 73 113.239490  72.848962     1.893     1.004  3 54777.52163200 17.482
 75 113.242905  72.848269     0.554     0.559  4 54847.52163200 23.868
 77 113.246315  72.850414     0.842     0.832  4 54917.52163505 14.710
 80 113.241298  72.846801     3.746     3.746  2 55022.52166328 27.559
 81 113.240219  72.846615     3.490     3.490  2 55057.52165932 23.759
 82 113.245892  72.850386     0.853     0.854  4 55092.52161566 52.120
 84 113.242129  72.847011    -0.192    -0.187  4 55162.52157662 20.011
 86 113.241711  72.850918     0.158     0.163  3 55232.52158120 17.177
 88 113.243607  72.852996     0.334     0.364  5 55302.52156192 16.831
 89 113.228722  72.850959     1.193     1.193  2 55337.52156041 36.037
 90 113.236159  72.848679     5.406     6.252  3 55372.52154984 27.465
 91 113.236587  72.843205     3.770     3.770  2 55407.52156921 25.527
 92 113.236807  72.848790     3.412     3.363  3 55442.52156875 25.053
 93 113.247910  72.852404     0.452     0.445  6 55477.52150934 39.511
