 -86675.295   111.297     0.00    5.94
 -86298.046   115.660    11.56    6.54
 -85920.698   114.797    -2.29    6.98
 -85543.250   110.408   -11.63    9.73
 -85165.702   106.219   -11.09    9.58
 -84788.054   101.801   -11.70    5.89
 -84410.306    99.134    -7.06    3.05
 -84032.457    98.530    -1.60    3.76
 -83654.509    97.100    -3.78    3.98
 -83276.460    95.630    -3.89    4.32
 -82898.310    95.903     0.72    4.49
 -82520.060    96.824     2.43    4.35
 -82141.709    96.978     0.41    3.56
 -81763.257    93.165   -10.08    6.82
 -81384.705    88.402   -12.58    7.39
 -81006.052    85.962    -6.44    5.81
 -80627.298    85.605    -0.94    5.34
 -80248.443    88.047     6.45    5.78
 -79869.486    91.719     9.69    5.70
 -79490.429    94.814     8.16    6.02
 -79111.270    96.297     3.91    4.82
 -78732.010    95.784    -1.35    5.01
 -78352.649    91.711   -10.74    6.70
 -77973.186    86.859   -12.79    6.43
 -77593.621    82.875   -10.50    4.50
 -77213.955    82.734    -0.37    5.72
 -76834.187    85.375     6.95    7.60
 -76454.317    88.214     7.47    6.89
 -76074.345    89.539     3.49    5.55
 -75694.271    90.359     2.16    4.24
 -75314.095    90.908     1.44    4.08
 -74933.817    91.833     2.43    4.54
 -74553.437    90.482    -3.55    5.74
 -74172.954    87.237    -8.53    6.95
 -73792.369    84.878    -6.20    6.28
 -73411.681    84.073    -2.12    4.55
 -73030.891    85.449     3.61    4.57
 -72649.999    87.903     6.44    3.56
 -72269.003    89.806     4.99    2.31
 -71887.905    90.441     1.67    2.18
 -71506.703    90.521     0.21    2.64
 -71125.399    90.789     0.70    2.80
 -70743.992    91.081     0.77    2.59
 -70362.481    91.815     1.92    2.50
 -69980.867    92.588     2.02    2.60
 -69599.150    92.131    -1.20    3.20
 -69217.330    90.067    -5.40    4.27
 -68835.406    87.573    -6.53    4.33
 -68453.378    85.760    -4.74    3.45
 -68071.247    86.389     1.65    3.93
 -67689.012    90.507    10.77    5.90
 -67306.673    94.096     9.39    6.53
 -66924.231    96.187     5.47    5.76
 -66541.684    95.703    -1.26    5.94
 -66159.033    92.531    -8.29    5.71
 -65790.958    88.604   -10.67    4.69
 -65427.633    85.002    -9.91    4.44
 -65064.217    81.331   -10.10    4.43
 -64700.709    78.352    -8.19    3.24
 -64337.111    76.018    -6.42    2.86
 -63973.421    73.271    -7.55    3.54
 -63609.641    68.886   -12.05    6.95
 -63245.769    63.547   -14.67    8.30
 -62881.805    58.613   -13.56    7.16
 -62517.750    57.975    -1.75    7.21
 -62153.604    61.254     9.01    9.81
 -61789.366    66.482    14.35    9.37
 -61425.037    71.375    13.43    6.59
 -61060.616    74.442     8.42    4.71
 -60696.103    75.878     3.94    3.86
 -60331.498    76.731     2.34    3.25
 -59966.801    77.471     2.03    2.64
 -59602.013    78.386     2.51    2.25
 -59237.132    79.146     2.08    2.15
 -58872.160    80.084     2.57    1.72
 -58507.095    80.539     1.25    1.34
 -58141.937    80.342    -0.54    1.78
 -57776.688    79.250    -2.99    2.43
 -57411.346    77.571    -4.59    2.91
 -57045.912    75.900    -4.57    3.53
 -56680.385    73.939    -5.36    4.06
 -56314.765    72.192    -4.78    4.05
 -55949.053    71.228    -2.64    3.82
 -55583.248    71.350     0.33    3.56
 -55217.351    70.937    -1.13    3.28
 -54851.360    69.754    -3.23    3.04
 -54485.276    65.723   -11.01    6.83
 -54119.100    58.563   -19.55   11.21
 -53752.830    50.257   -22.68   11.99
 -53386.467    43.370   -18.80    9.03
 -53020.011    37.913   -14.89    5.13
 -52653.462    35.639    -6.20    3.94
 -52286.819    35.515    -0.34    3.74
 -51920.083    35.135    -1.04    4.22
 -51553.253    37.035     5.18    6.55
 -51186.329    40.459     9.33    9.73
 -50819.312    45.675    14.21   12.66
 -50452.201    51.295    15.31   12.28
 -50084.997    55.781    12.22   11.08
 -49717.698    61.564    15.75   10.86
 -49350.306    68.417    18.65   10.01
 -48982.819    74.926    17.71    8.37
 -48615.239    79.228    11.70    7.99
 -48247.564    82.136     7.91    7.23
 -47879.795    84.747     7.10    6.03
 -47511.931    88.252     9.53    5.66
 -47143.973    90.285     5.53    3.71
 -46775.921    90.666     1.03    3.81
 -46407.774    88.932    -4.71    5.33
 -46039.533    87.311    -4.40    5.17
 -45671.196    88.228     2.49    6.29
 -45302.766    92.726    12.21    7.58
 -44934.240    97.779    13.71    7.18
 -44565.619   102.085    11.68    6.08
 -44196.903   103.168     2.94    4.65
 -43828.093   101.981    -3.22    5.16
 -43459.187    98.011   -10.76    6.25
 -43090.186    95.995    -5.46    5.86
 -42721.089    95.056    -2.55    5.20
 -42351.897    94.587    -1.27    4.53
 -41982.610    92.835    -4.75    5.50
 -41613.227    88.817   -10.88    6.55
 -41243.749    83.739   -13.74    7.50
 -40874.175    77.799   -16.07    8.45
 -40504.506    73.514   -11.59    8.33
 -40134.740    72.507    -2.72    7.29
 -39764.879    72.404    -0.28    5.93
 -39394.921    72.840     1.18    5.28
 -39024.868    72.329    -1.38    5.26
 -38654.719    70.220    -5.70    5.33
 -38284.473    67.067    -8.51    6.37
 -37914.131    64.334    -7.38    7.00
 -37543.693    60.683    -9.86    7.31
 -37173.158    55.335   -14.43    9.57
 -36802.527    47.334   -21.59   13.47
 -36431.799    39.261   -21.77   12.81
 -36060.975    34.459   -12.95    9.78
 -35690.054    34.674     0.58   11.35
 -35319.036    41.523    18.46   11.36
 -34947.921    47.328    15.64    8.04
 -34576.710    50.824     9.42    3.74
 -34205.401    50.410    -1.11    3.43
 -33833.995    49.334    -2.90    4.03
 -33462.492    47.360    -5.31    5.10
 -33090.892    44.675    -7.23    5.59
 -32719.195    42.833    -4.96    5.26
 -32347.400    41.047    -4.80    4.53
 -31975.508    37.785    -8.77    6.98
 -31603.518    32.835   -13.31   10.18
 -31231.430    29.325    -9.43    8.77
 -30859.245    28.325    -2.69    7.29
 -30486.962    31.450     8.40    7.94
 -30114.581    34.759     8.88    7.28
 -29742.102    36.906     5.77    7.71
 -29369.525    38.706     4.83    8.60
 -28996.850    40.588     5.05    8.60
 -28624.077    44.468    10.41    8.65
 -28251.206    48.443    10.66    8.90
 -27878.236    52.631    11.23    8.23
 -27505.168    54.968     6.26    7.79
 -27132.002    53.934    -2.77    7.72
 -26758.736    50.434    -9.38    8.31
 -26385.373    45.321   -13.69    6.75
 -26011.910    41.472   -10.31    6.16
 -25638.349    38.579    -7.74    9.35
 -25264.689    37.873    -1.89   11.51
 -24890.929    34.747    -8.36   13.36
 -24517.071    29.107   -15.09   14.16
 -24143.114    22.093   -18.76   12.06
 -23769.057    13.259   -23.62    9.20
 -23394.902     7.555   -15.24    5.58
 -23020.647     5.090    -6.59    3.07
 -22646.292     7.103     5.38    6.60
 -22271.838    11.515    11.78   10.19
 -21897.284    13.337     4.87   12.38
 -21522.631    12.595    -1.98   14.03
 -21147.878     7.818   -12.75   14.34
 -20773.025     2.987   -12.89    8.25
 -20398.072     4.192     3.21    7.62
 -20023.020     8.376    11.16    8.61
 -19647.867    16.166    20.76   12.17
 -19272.614    28.116    31.84   14.94
 -18897.261    40.873    33.98   16.62
 -18521.807    50.645    26.03   12.07
 -18146.253    54.710    10.82    7.40
 -17770.599    52.420    -6.09    9.80
 -17394.844    44.640   -20.71   12.59
 -17018.988    34.507   -26.96   13.24
 -16643.032    28.079   -17.10    8.93
 -16266.975    27.023    -2.81    7.99
 -15890.817    32.382    14.25   11.64
 -15514.558    41.651    24.63   11.70
 -15138.198    49.571    21.04    9.51
 -14761.737    55.165    14.86    7.19
 -14385.175    58.742     9.50    4.91
 -14008.511    59.428     1.82    3.96
 -13631.746    59.530     0.27    4.17
 -13254.880    58.443    -2.88    5.70
 -12877.912    57.190    -3.32    6.65
 -12500.842    55.313    -4.98    7.38
 -12123.671    53.238    -5.50    6.95
 -11746.398    48.378   -12.88    6.73
 -11369.023    43.938   -11.77    7.81
 -10991.546    40.096   -10.18    7.62
 -10613.968    36.043   -10.73    7.17
 -10236.287    32.652    -8.98    5.90
  -9858.504    31.056    -4.23    6.83
  -9480.618    28.674    -6.30    6.29
  -9102.631    26.225    -6.48    6.73
  -8724.540    21.905   -11.42    7.59
  -8346.348    18.381    -9.32    7.20
  -7968.052    14.797    -9.47    5.44
  -7589.654    13.023    -4.69    4.08
  -7211.154    12.765    -0.68    3.81
  -6832.550    12.498    -0.70    3.25
  -6453.843    12.531     0.09    2.92
  -6075.034    11.881    -1.72    2.94
  -5696.121    10.579    -3.44    2.15
  -5317.105     9.426    -3.04    1.92
  -4937.986     8.980    -1.18    2.36
  -4558.763     9.182     0.53    2.94
  -4179.438     8.921    -0.69    3.05
  -3800.008     8.713    -0.55    3.13
  -3420.475     7.912    -2.11    3.12
  -3040.838     6.754    -3.05    2.25
  -2661.097     7.222     1.23    2.53
  -2281.253     7.946     1.90    3.19
  -1901.305     6.689    -3.31    4.34
  -1521.252     5.139    -4.08    5.67
  -1141.095     2.485    -6.98    5.54
   -760.835     0.222    -5.95    3.71
   -380.470     0.161    -0.16    4.07
      0.000     1.539     3.62    4.77
    380.574     1.986     1.17    4.42
    761.252     2.358     0.98    3.91
   1142.036     3.281     2.42    3.84
   1522.924     4.142     2.26    3.87
   1903.916     5.499     3.56    3.41
   2285.014     6.499     2.62    2.30
   2666.216     6.841     0.90    2.32
   3047.524     7.035     0.51    2.44
   3428.937     7.977     2.47    3.58
   3810.455     8.985     2.64    4.08
   4192.078     9.563     1.51    3.72
   4573.807     9.963     1.05    3.63
   4955.642     9.458    -1.32    3.56
   5337.582     8.248    -3.17    2.74
   5719.627     7.289    -2.51    2.36
   6101.779     7.641     0.92    2.31
   6484.036     9.579     5.07    3.35
   6866.399    11.972     6.26    4.01
   7248.868    13.925     5.11    4.25
   7631.444    16.718     7.30    4.31
   8014.125    19.461     7.17    3.83
   8396.913    20.030     1.49    4.75
   8773.525    20.870     2.23    5.05
   9136.622    20.769    -0.28    4.67
   9499.812    21.131     0.99    4.35
   9863.094    21.185     0.15    4.03
  10226.469    19.862    -3.64    4.94
  10589.936    18.122    -4.79    5.09
  10953.496    16.865    -3.46    3.85
  11317.149    16.831    -0.09    3.66
  11680.894    16.211    -1.70    4.40
  12044.733    16.224     0.04    4.32
  12408.664    15.809    -1.14    3.88
  12772.689    14.322    -4.08    4.03
  13136.807    14.055    -0.73    4.25
  13501.018    15.158     3.03    4.15
  13865.322    17.456     6.31    5.00
  14229.719    21.930    12.28    6.23
  14594.210    26.315    12.03    6.86
  14958.794    29.981    10.06    6.09
  15323.472    32.801     7.73    5.43
  15688.244    31.531    -3.48    7.68
  16053.109    26.364   -14.16   10.68
  16418.068    19.172   -19.71   11.17
  16783.121    12.870   -17.26    8.23
  17148.268     9.228    -9.97    4.77
  17513.508     8.468    -2.08    3.21
  17878.843     8.090    -1.04    3.04
  18244.272     6.989    -3.01    4.11
  18609.795     5.177    -4.96    4.28
  18975.413     4.016    -3.18    3.32
  19341.125     3.856    -0.44    2.75
  19706.931     4.180     0.89    2.60
  20072.832     4.335     0.42    2.64
  20438.827     4.497     0.44    2.83
  20804.917     4.555     0.16    2.84
  21171.102     4.461    -0.26    2.43
  21537.381     4.762     0.82    2.20
  21903.756     4.532    -0.63    2.05
  22270.225     3.859    -1.84    2.28
  22636.790     2.757    -3.01    2.38
  23003.449     2.008    -2.04    2.17
  23370.204     1.357    -1.78    1.24
  23737.054     1.843     1.33    1.74
  24103.999     2.813     2.64    2.16
  24471.040     3.299     1.33    1.69
  24838.176     3.833     1.45    1.28
  25205.408     3.930     0.26    0.96
  25572.735     4.179     0.68    1.69
  25940.159     4.912     2.00    2.47
  26307.678     5.024     0.30    2.50
  26675.292     4.251    -2.10    2.86
  27043.003     3.524    -1.98    2.69
  27410.810     2.978    -1.48    2.11
  27778.712     3.789     2.20    2.69
  28146.711     5.248     3.97    4.20
  28514.807     5.322     0.20    4.67
  28882.998     3.872    -3.94    5.74
  29251.286     1.696    -5.91    5.71
  29619.670    -0.773    -6.70    3.45
  29988.151    -2.194    -3.86    0.75
  30356.729    -2.445    -0.68    0.09
  30725.403    -1.890     1.50    2.21
  31094.174     1.067     8.02    7.52
  31463.042     7.116    16.40   13.19
  31832.007    14.235    19.29   15.49
  32201.069    23.198    24.29   15.99
  32570.228    31.881    23.52   12.78
  32939.484    38.323    17.45    9.88
  33308.837    42.823    12.18   11.95
  33678.288    45.423     7.04   12.11
  34047.836    45.506     0.22   12.46
  34417.481    44.492    -2.74   11.52
  34787.224    41.242    -8.79   10.94
  35157.065    38.106    -8.48    8.62
  35527.003    34.071   -10.91    8.04
  35897.039    30.688    -9.14   11.58
  36267.173    28.313    -6.42   12.69
  36637.405    25.439    -7.76   10.23
  37007.735    25.095    -0.93    8.56
  37378.163    29.931    13.06    9.76
  37748.690    36.688    18.24   10.46
  38119.314    43.531    18.46   10.88
  38490.037    51.110    20.44   10.68
  38860.858    56.392    14.25    9.72
  39231.778    62.047    15.25    8.03
  39602.797    66.594    12.26    5.32
  39973.914    68.953     6.36    2.84
  40345.129    68.506    -1.20    3.77
  40716.444    68.008    -1.34    4.58
  41087.857    65.705    -6.20    6.00
  41459.370    61.243   -12.01    8.23
  41830.981    54.276   -18.75   10.24
  42202.692    46.000   -22.27   10.36
  42574.502    38.797   -19.37    8.44
  42946.411    34.688   -11.05    6.71
  43318.419    32.389    -6.18    5.32
  43690.527    30.750    -4.40    5.21
  44062.735    29.766    -2.64    5.72
  44435.042    29.638    -0.34    5.91
  44807.448    30.219     1.56    6.25
  45179.955    30.169    -0.13    7.07
  45552.561    30.158    -0.03    6.90
  45925.268    33.424     8.76    8.07
  46298.074    38.303    13.09   10.77
  46670.980    42.938    12.43   10.68
  47043.987    45.155     5.94    7.81
  47417.094    42.870    -6.12    7.15
  47790.301    39.074   -10.17    7.12
  48163.609    35.086   -10.68    5.44
  48537.017    32.811    -6.09    4.27
  48910.526    31.191    -4.34    5.19
  49284.135    31.451     0.70    5.12
  49657.845    32.353     2.41    5.76
  50031.656    32.383     0.08    6.58
  50405.568    34.431     5.48    6.42
  50779.581    36.747     6.19    7.38
  51153.695    38.421     4.47    8.24
  51527.910    39.235     2.18    8.62
  51902.227    39.089    -0.39    7.85
  52276.644    38.682    -1.09    6.13
  52651.164    41.795     8.31    8.48
  53025.784    44.332     6.77    9.79
  53400.506    45.147     2.18    9.40
  53775.330    43.570    -4.21    7.27
  54150.256    38.883   -12.50    8.33
  54525.283    34.079   -12.81    6.74
  54900.413    30.144   -10.49    6.68
  55275.644    27.079    -8.17    4.55
  55650.978    28.020     2.51    5.86
  56026.413    31.470     9.19    8.96
  56401.951    35.993    12.05    8.72
  56777.591    38.631     7.02    6.61
  57153.334    40.039     3.75    5.97
  57529.179    41.164     2.99    5.60
  57905.127    42.873     4.54    6.27
  58281.177    46.660    10.07    6.21
  58657.330    45.952    -1.88    6.79
  59033.586    42.609    -8.88    7.07
  59409.945    40.096    -6.68    5.57
  59786.407    39.749    -0.92    4.80
  60162.972    40.883     3.01    5.59
  60539.640    41.392     1.35    5.19
  60916.411    41.363    -0.08    4.99
  61293.286    41.329    -0.09    4.45
  61670.264    42.322     2.63    7.02
  62047.346    45.462     8.33    9.28
  62424.531    47.344     4.99    9.52
  62801.820    47.013    -0.88   10.15
  63179.213    41.737   -13.98   10.07
  63556.710    34.570   -18.99   12.49
  63934.311    27.353   -19.11   12.71
  64312.015    18.857   -22.49    7.63
  64689.824    15.956    -7.68    4.53
  65067.737    16.627     1.77    5.05
  65445.754    18.209     4.19    5.46
  65823.876    18.539     0.87    5.66
  66202.102    17.669    -2.30    4.48
  66580.433    16.260    -3.72    4.52
  66958.868    15.011    -3.30    4.81
  67337.408    12.787    -5.87    4.83
  67716.053     8.932   -10.18    6.21
  68094.803     5.071   -10.19    6.34
  68473.658     1.288    -9.99    4.35
  68852.618    -0.650    -5.11    1.60
  69231.683    -0.228     1.11    2.20
  69610.853     0.563     2.09    2.32
  69990.129     2.014     3.83    2.75
  70369.510     4.863     7.51    6.76
  70748.997     8.468     9.50   11.08
  71128.589    13.369    12.91   16.18
  71508.287    15.769     6.32   17.32
  71888.090    18.410     6.96   20.94
  72268.000    21.516     8.18   23.45
  72648.016    23.078     4.11   24.73
  73028.137    20.392    -7.07   23.04
  73408.365    14.868   -14.53   15.82
  73788.699    11.382    -9.17   10.57
  74169.139    10.562    -2.15   10.06
  74549.686    12.722     5.67   11.04
  74930.339    14.747     5.32   11.93
  75311.099    12.741    -5.27   10.24
  75691.966    10.833    -5.01    8.61
  76072.939    10.229    -1.59    7.32
  76454.019    15.237    13.14   14.02
  76835.206    21.439    16.27   13.74
  77216.501    25.947    11.82   10.85
  77597.902    25.460    -1.28    8.42
  77979.411    24.181    -3.35    8.68
  78361.026    21.775    -6.30    9.30
  78742.750    17.463   -11.30    9.17
  79124.580    13.631   -10.04    9.31
  79506.519    11.817    -4.75    8.63
  79888.565    13.737     5.02   10.07
  80270.719    16.676     7.69   12.98
  80652.980    24.486    20.43   14.74
  81035.350    30.286    15.17   12.82
  81417.828    37.024    17.62   11.18
  81800.413    40.078     7.98   10.44
  82183.107    44.483    11.51    8.97
  82565.910    50.199    14.93    9.98
  82948.821    53.113     7.61    9.74
  83331.840    50.173    -7.68   11.05
  83697.395    46.524    -9.98   10.53
  84060.370    45.387    -3.13    8.66
  84423.438    48.369     8.21    8.98
  84786.601    54.393    16.59    9.14
  85149.857    60.547    16.94    7.12
  85513.208    63.957     9.38    6.13
  85876.653    65.646     4.65    4.67
  86240.192    65.276    -1.02    5.10
  86603.825    61.925    -9.21    5.73
  86967.552    55.998   -16.30   10.46
  87331.374    47.509   -23.33   14.34
  87695.291    37.555   -27.35   13.44
  88059.302    29.252   -22.81    7.89
  88423.407    25.089   -11.43    5.25
  88787.608    25.107     0.05    9.44
  89151.903    31.656    17.98   18.62
  89516.293    42.873    30.78   25.00
  89880.778    54.127    30.88   20.16
  90245.358    56.624     6.85   17.17
  90610.033    51.805   -13.21   19.40
  90974.803    46.682   -14.04   14.29
  91339.669    49.749     8.41   16.19
  91704.630    55.135    14.76   17.52
  92069.686    64.594    25.91   12.47
  92434.837    70.327    15.70    7.56
  92800.085    69.282    -2.86    7.13
  93165.427    65.063   -11.55    9.37
  93530.866    57.219   -21.46   11.14
  93896.400    49.426   -21.32    9.56
  94262.030    45.303   -11.28    6.98
  94627.757    43.571    -4.74    4.03
  94993.579    47.093     9.63    6.75
  95359.497    53.832    18.42   10.09
  95725.511    62.144    22.71   11.41
  96091.622    67.585    14.86    9.15
  96457.829    70.270     7.33    6.79
  96824.132    69.894    -1.03    4.90
  97190.532    67.773    -5.79    5.89
  97557.028    63.875   -10.63    7.59
  97923.621    60.394    -9.50    6.50
  98290.311    59.472    -2.51    4.60
  98657.097    61.434     5.35    5.32
  99023.981    66.063    12.62    5.35
  99390.961    70.865    13.09    5.59
  99758.038    74.585    10.13    7.21
 100125.213    78.035     9.40    8.49
 100492.484    81.577     9.64    9.11
 100859.853    81.949     1.01    8.20
 101227.319    80.059    -5.14    7.87
 101594.883    75.036   -13.67    8.93
 101962.544    69.305   -15.59    8.39
 102330.302    63.080   -16.93    6.82
 102698.159    57.337   -15.61    7.71
 103066.113    52.089   -14.26    8.57
 103434.165    46.982   -13.88    6.93
 103802.314    45.329    -4.49    5.91
 104170.562    46.592     3.43    6.11
 104538.908    50.350    10.20    5.19
 104907.351    53.412     8.31    5.39
 105275.893    54.873     3.96    6.15
 105644.534    57.067     5.95    6.85
 106013.272    59.908     7.70    7.80
 106382.109    60.964     2.86    7.43
 106751.045    62.087     3.05    5.99
 107120.079    58.358   -10.11    6.99
 107489.212    52.661   -15.43    7.06
 107858.444    46.926   -15.53    6.91
 108227.774    41.873   -13.68    5.74
 108597.204    38.886    -8.09    3.93
 108966.732    37.979    -2.45    2.97
 109336.360    37.803    -0.48    2.81
 109706.087    37.171    -1.71    3.05
 110075.913    37.155    -0.04    3.35
 110445.838    37.517     0.98    3.63
 110815.863    37.607     0.24    4.00
 111185.987    38.843     3.34    3.86
 111556.211    38.599    -0.66    3.62
 111926.534    38.750     0.41    3.14
 112296.957    38.015    -1.98    3.20
 112667.480    37.674    -0.92    3.43
 113038.103    36.983    -1.86    4.08
 113408.826    35.438    -4.17    4.14
 113779.649    34.968    -1.27    4.44
 114150.572    34.173    -2.14    4.32
 114521.595    33.547    -1.69    4.49
 114892.719    33.394    -0.41    4.74
 115263.943    33.074    -0.86    5.94
 115635.267    31.593    -3.99    6.26
 116006.693    28.928    -7.18    6.75
 116378.218    25.689    -8.72    6.08
 116749.845    24.254    -3.86    4.14
 117121.572    24.314     0.16    3.46
 117493.400    27.071     7.42    4.29
 117865.329    31.043    10.68    5.35
 118237.359    34.510     9.32    5.35
 118609.491    37.658     8.46    5.38
 118981.723    38.189     1.43    5.48
 119354.057    37.398    -2.12    5.86
 119726.492    35.739    -4.45    5.27
 120099.029    34.201    -4.13    4.46
 120471.668    32.349    -4.97    6.05
 120844.408    31.232    -3.00    6.70
 121217.249    29.332    -5.09    6.81
 121590.193    27.100    -5.99    7.13
 121963.238    27.653     1.48    8.69
 122336.386    27.805     0.41    9.34
 122709.635    28.686     2.36    8.20
 123082.987    29.501     2.19    6.98
 123456.441    29.853     0.94    5.87
 123829.997    31.675     4.88    6.22
 124203.655    34.905     8.65    8.65
 124577.417    37.984     8.24   10.81
 124951.280    40.087     5.62   11.76
 125325.247    39.449    -1.70   10.44
 125699.316    38.177    -3.40    8.82
 126073.488    37.344    -2.23    6.35
 126447.763    37.726     1.02    5.82
 126822.141    38.449     1.93    4.62
 127196.622    37.327    -3.00    4.84
 127571.206    35.017    -6.17    4.05
 127945.893    33.461    -4.15    3.02
 128320.684    34.301     2.24    5.70
 128695.578    35.698     3.73    8.86
 129070.576    36.809     2.96   10.72
 129445.677    37.047     0.63   11.20
 129820.883    37.411     0.97    9.95
 130196.192    37.063    -0.93    6.88
 130571.604    38.224     3.09    6.39
 130947.121    38.017    -0.55    6.20
 131322.742    36.774    -3.31    6.46
 131698.467    36.621    -0.41    5.55
 132074.296    36.139    -1.28    5.10
 132450.230    35.570    -1.52    4.56
 132826.267    35.734     0.44    4.42
 133202.410    34.381    -3.60    5.01
 133578.657    32.058    -6.17    6.31
 133955.009    30.066    -5.29    6.35
 134331.465    28.255    -4.81    5.96
 134708.026    27.488    -2.04    6.20
 135084.692    27.868     1.01    6.91
 135461.464    27.138    -1.94    6.72
 135838.340    26.853    -0.76    7.41
 136215.322    27.754     2.39    8.37
 136592.408    26.532    -3.24    9.54
 136969.601    24.495    -5.40   10.57
 137346.898    19.805   -12.43    9.91
 137724.302    16.703    -8.22    7.93
 138101.811    15.456    -3.30    5.35
 138479.425    15.923     1.24    5.01
 138857.146    16.695     2.04    4.31
 139234.972    16.407    -0.76    3.97
 139612.904    14.881    -4.04    3.10
 139990.943    13.229    -4.37    2.53
 140369.088    11.681    -4.09    2.96
 140747.339     9.738    -5.14    2.48
 141125.696     9.161    -1.53    1.82
 141504.160     9.322     0.42    1.57
 141882.730     9.088    -0.62    1.96
 142261.407     8.691    -1.05    2.40
 142640.191     8.224    -1.23    2.61
 143019.082    10.863     6.97    7.26
 143398.079    15.051    11.05    9.78
 143777.184    16.710     4.38   10.28
 144156.395    16.646    -0.17    9.11
 144535.714    15.261    -3.65    6.66
 144915.140    16.236     2.57    8.11
 145294.674    19.700     9.13   10.73
 145674.314    21.760     5.43   11.63
 146054.063    22.983     3.22   11.34
 146433.919    24.780     4.73   10.73
 146813.883    22.777    -5.27    8.15
 147193.955    21.188    -4.18    5.14
 147574.134    19.532    -4.36    6.40
 147954.422    17.577    -5.14    6.36
 148334.818    15.319    -5.94    6.21
 148715.322    13.069    -5.91    5.35
 149095.934    11.903    -3.06    5.08
 149476.655     9.711    -5.76    4.67
 149857.484     7.488    -5.84    4.29
 150238.422     5.309    -5.72    4.49
 150619.469     2.747    -6.72    4.30
 151000.624     0.540    -5.79    2.29
 151381.888    -0.596    -2.98    1.02
 151763.261    -0.953    -0.94    0.75
 152144.743    -1.181    -0.60    0.60
 152526.334    -1.115     0.17    0.69
 152908.035    -0.927     0.49    0.82
 153289.845    -0.773     0.40    0.80
 153671.764    -0.548     0.59    0.77
 154053.793    -0.316     0.61    0.88
 154435.932    -0.026     0.76    1.08
 154818.180     0.371     1.04    1.25
 155200.538     0.586     0.56    1.48
 155583.006     1.091     1.32    1.77
 155965.584     1.486     1.03    1.63
 156348.272     1.420    -0.17    1.52
 156731.070     1.525     0.27    1.57
 157113.978     1.562     0.10    1.13
 157496.997     1.422    -0.37    1.24
 157880.127     1.427     0.01    1.40
 158254.893     1.465     0.10    1.57
 158617.666     1.444    -0.06    1.60
 158980.534     1.343    -0.28    1.35
 159343.497     0.932    -1.13    1.35
 159706.556     0.569    -1.00    1.29
 160069.710     0.371    -0.55    1.28
 160432.959     1.309     2.58    2.91
 160796.303     4.157     7.84    6.00
 161159.743     7.282     8.60    7.17
 161523.279    12.116    13.30    7.03
 161886.910    16.058    10.84    6.93
 162250.636    17.533     4.05    6.79
 162614.459    19.681     5.90    6.68
 162978.377    21.755     5.70    6.05
 163342.391    23.628     5.15    5.46
 163706.502    24.621     2.73    5.15
 164070.708    26.690     5.68    4.97
 164435.011    27.501     2.23    3.70
 164799.409    27.110    -1.07    3.62
 165163.905    26.443    -1.83    3.67
 165528.496    24.652    -4.91    4.66
