# NaN NaN NaN ;Mean Elev.(m), Avg Gradient(m/km), RMS Gradient(m/km) - SRTM1     
#   17.660   1.238   3.119 ;Mean Elev.(m), Avg Gradient(m/km), RMS Gradient(m/km) - ASTER GDEM
#    1.014  -0.858   2.573 ;Mean Elev.(m), Avg Gradient(m/km), RMS Gradient(m/km) - GMTED2010 
  7 113.556205  73.030827   -17.473   -17.465  6 52448.51978039 49.527
  8 113.561025  73.037198     0.989     0.422  6 52483.51976919 46.240
  9 113.569175  73.040229     1.378     1.301  4 52518.51972837 27.485
 10 113.554750  73.026751     0.131     0.149  6 52553.51977670 34.906
 11 113.563794  73.037153    -0.190    -0.147  6 52588.51975996 22.371
 12 113.567714  73.041061     0.195     0.176  5 52623.51971176 19.812
 13 113.558927  73.035957     0.236     0.210  6 52658.51972992 19.378
 15 113.560314  73.036610     0.477     0.487  6 52728.51974950 18.408
 16 113.569732  73.037632     1.174     1.071  5 52763.51976191 11.086
 17 113.553100  73.031205     0.117     0.126  6 52798.51973549 41.184
 18 113.554060  73.031329     2.901     3.712  7 52833.51980567 26.184
 19 113.562063  73.035029     0.202     0.106  6 52868.51984842 50.959
 20 113.562171  73.037832     2.514     1.786  5 52903.51986193 26.024
 21 113.572444  73.042813     0.625     0.301  5 52938.51979918 20.765
 22 113.553362  73.032835     0.332     0.344  6 52973.51983416 14.946
 23 113.558252  73.035263     0.565     0.454  6 53008.51984248 12.762
 24 113.550612  73.029320     0.055     0.060  6 53043.51979942 13.581
 25 113.560255  73.036635     0.750     0.819  6 53078.51983374 10.900
 26 113.553017  73.026517     0.412     0.340  6 53113.51980278 11.701
 27 113.554778  73.034279     6.233     6.161  6 53148.51984910  6.561
 28 113.560669  73.037142     3.638     3.689  6 53183.51984711 31.795
 29 113.561599  73.036399     0.663     0.695  6 53218.51987145 45.085
 30 113.566868  73.040818     2.138     2.050  5 53253.51984959 31.307
 31 113.550901  73.026496     0.031     0.025  6 53288.51985019 33.861
 32 113.564327  73.037052     0.225     0.175  5 53323.51982728 20.887
 33 113.568210  73.042043    -0.058    -0.009  5 53358.51979163 15.870
 34 113.552729  73.029481     0.301     0.282  7 53393.51980623 18.246
 35 113.567263  73.040359     0.101     0.056  5 53428.51980184 16.042
 36 113.552437  73.031151     0.133     0.077  6 53463.51982122 14.218
 37 113.554703  73.033238     0.357     0.300  6 53498.51989078 11.779
 38 113.566441  73.037225     3.375     3.210  5 53533.51987431 37.814
 39 113.561650  73.035278     3.377     3.445  6 53568.51989118 27.042
 40 113.571194  73.040832     2.834     2.850  5 53603.51983767 27.964
 41 113.555119  73.027904     2.059     2.429  6 53638.51983433 27.709
 42 113.556643  73.033028     0.433     0.472  6 53673.51985547 25.237
 43 113.568774  73.043016    -0.117    -0.142  5 53708.51978796 16.113
 44 113.576334  73.045693    -0.251    -0.255  5 53743.51969886 19.245
 45 113.559437  73.036927     0.239     0.244  6 53778.51972564 19.196
 46 113.576288  73.043588    -0.122    -0.093  5 53813.51970060 18.351
 47 113.553455  73.029415    -0.363    -0.412  6 53848.51975641 16.783
 49 113.556273  73.033589     3.484     3.545  6 53918.51983816 28.006
 50 113.555498  73.035187     3.371     3.348  6 53953.51984068 26.199
 52 113.551705  73.032010     0.041     0.061  6 54023.51982074 36.671
 53 113.563152  73.036481     0.439     0.445  6 54058.51981368 19.754
 54 113.572340  73.039600    -0.156    -0.110  5 54093.51979360 12.724
 55 113.551351  73.029227    -0.004    -0.013  6 54128.51973107 11.531
 56 113.563439  73.036880     0.021    -0.131  6 54163.51976324 10.334
 57 113.556415  73.030325     0.546     0.569  6 54198.51973360  9.202
 58 113.556112  73.035058     2.813     2.923  6 54233.51977697  6.477
 59 113.561116  73.036317     3.387     3.783  6 54268.51979608 34.136
 60 113.560096  73.036403     3.273     3.126  5 54303.51979972 22.812
 61 113.566721  73.037503     1.308     0.851  5 54338.51978476 39.735
 62 113.558183  73.032515     3.459     3.429  6 54373.51973257 25.316
 63 113.561905  73.036439     0.035     0.046  6 54408.51973030 24.674
 64 113.552821  73.028056     0.245     0.270  6 54443.51969312 16.190
 65 113.559485  73.036956     0.390     0.173  6 54478.51972002 12.105
 66 113.552949  73.029736     0.460     0.464  7 54513.51970834 11.070
 67 113.564748  73.038374     1.313     1.138  6 54548.51973381  9.045
 68 113.560547  73.034588     1.269     1.208  6 54583.51970473  8.680
 69 113.562242  73.034464     0.980     0.977  6 54618.51972486 31.596
 70 113.560514  73.035392     3.399     3.422  6 54653.51973672 28.538
 71 113.566722  73.037035     3.238     3.098  5 54688.51972565 24.498
 72 113.554488  73.029044     2.916     2.842  6 54723.51968392 23.616
 73 113.560752  73.036941     0.115     0.145  6 54758.51970153 30.439
 74 113.553989  73.026913    -0.115    -0.090  6 54793.51967689 17.132
 75 113.561151  73.034010     0.264     0.276  6 54828.51969968 12.760
 76 113.554505  73.030794     0.638     0.696  6 54863.51967178 17.971
 77 113.564258  73.036484     0.651     0.758  5 54898.51969972 12.808
 78 113.554955  73.032637     0.754     0.724  6 54933.51966649  8.738
 79 113.560490  73.035276     0.802     0.825  6 54968.51970091  7.755
 80 113.559499  73.034501     2.620     2.427  6 55003.51972053 35.553
 81 113.560508  73.036707     2.539     2.274  6 55038.51970781 26.186
 82 113.564010  73.039491     2.641     2.269  5 55073.51969324 24.791
 83 113.555015  73.030358     2.879     2.737  6 55108.51963921 21.603
 84 113.562444  73.036555     0.077     0.022  5 55143.51964433 24.592
 85 113.552643  73.028251    -0.018    -0.029  6 55178.51961200 18.197
 86 113.560793  73.036464     0.200     0.174  6 55213.51963900 15.949
 87 113.557618  73.031345    -0.089    -0.001  6 55248.51961228 15.847
 88 113.564312  73.037487     0.384     0.357  5 55283.51963291 13.638
 89 113.561039  73.035569     0.410     0.392  5 55318.51960315 10.753
 90 113.563428  73.036878     0.850     0.884  5 55353.51960562 42.641
 91 113.553709  73.030768     3.150     3.460  6 55388.51960258 25.436
 92 113.562062  73.036123     0.459    -0.013  6 55423.51962312 40.230
 93 113.566673  73.039590     3.183     3.067  5 55458.51959515 22.585
