 -85536.740    66.392     0.00    7.25
 -85170.214    66.302    -0.25    6.14
 -84803.785    66.081    -0.60    5.77
 -84437.451    64.152    -5.27    6.17
 -84071.215    61.754    -6.55    5.63
 -83705.074    60.496    -3.43    5.50
 -83339.029    57.046    -9.43    5.69
 -82973.080    52.180   -13.30    8.77
 -82607.227    46.308   -16.05   11.11
 -82241.470    39.695   -18.08   11.20
 -81875.809    36.008   -10.09    8.25
 -81510.244    35.677    -0.90    6.53
 -81144.774    36.935     3.44    6.22
 -80779.399    37.847     2.50    6.55
 -80414.120    37.046    -2.19    6.19
 -80048.937    35.508    -4.21    5.42
 -79683.848    34.652    -2.35    4.98
 -79318.855    33.349    -3.57    4.81
 -78953.957    30.081    -8.96    5.92
 -78589.155    24.377   -15.64    7.89
 -78224.447    19.977   -12.06    7.51
 -77859.834    16.605    -9.25    4.96
 -77495.316    16.300    -0.84    4.33
 -77130.892    18.527     6.11    4.92
 -76766.564    21.844     9.11    4.24
 -76402.330    22.917     2.94    5.29
 -76038.190    23.496     1.59    5.45
 -75674.146    22.764    -2.01    5.56
 -75310.195    21.736    -2.82    4.48
 -74946.339    20.212    -4.19    3.52
 -74582.577    18.381    -5.03    2.76
 -74218.909    17.589    -2.18    3.14
 -73855.335    17.992     1.11    3.50
 -73491.856    18.682     1.90    3.93
 -73128.470    16.822    -5.12    6.18
 -72765.178    12.311   -12.42    8.82
 -72401.980     7.000   -14.62    8.54
 -72038.876     2.992   -11.04    5.01
 -71671.970     3.473     1.31    4.99
 -71288.856     6.071     6.78    4.68
 -70905.851     8.815     7.16    3.78
 -70522.953     8.853     0.10    4.49
 -70140.164     9.835     2.57    4.67
 -69757.483     9.833    -0.00    4.40
 -69374.910    10.328     1.29    4.03
 -68992.445    11.462     2.96    3.82
 -68610.088    11.953     1.29    3.98
 -68227.838    13.071     2.92    3.49
 -67845.696    14.160     2.85    3.87
 -67463.661    16.587     6.35    5.23
 -67081.734    19.695     8.14    4.25
 -66699.914    21.269     4.12    2.92
 -66318.201    21.523     0.67    2.90
 -65936.596    20.648    -2.29    2.75
 -65555.097    19.855    -2.08    3.05
 -65173.706    18.369    -3.90    3.80
 -64792.421    17.344    -2.69    2.92
 -64411.243    17.395     0.14    2.51
 -64030.172    18.233     2.20    2.64
 -63649.207    18.760     1.39    2.07
 -63268.349    17.817    -2.48    2.39
 -62887.598    16.378    -3.78    3.09
 -62506.952    14.891    -3.91    2.66
 -62126.413    13.269    -4.26    2.34
 -61745.980    12.167    -2.90    1.96
 -61365.653    12.130    -0.10    1.90
 -60985.432    12.492     0.95    1.99
 -60605.317    14.435     5.11    2.75
 -60225.308    15.789     3.56    2.60
 -59845.405    17.336     4.07    2.81
 -59465.607    18.231     2.36    2.63
 -59085.914    17.929    -0.80    3.03
 -58706.327    16.403    -4.02    3.22
 -58326.846    15.100    -3.43    2.47
 -57947.470    14.748    -0.93    2.18
 -57568.198    14.403    -0.91    2.92
 -57189.032    12.854    -4.09    4.67
 -56809.971    11.262    -4.20    4.22
 -56431.015    10.315    -2.50    3.67
 -56052.164    12.071     4.64    4.35
 -55673.418    14.662     6.84    4.28
 -55294.776    16.328     4.40    3.90
 -54916.238    16.977     1.71    3.31
 -54537.805    16.169    -2.13    3.49
 -54159.477    14.787    -3.65    3.33
 -53781.253    14.092    -1.84    3.24
 -53403.133    14.252     0.42    3.47
 -53025.117    14.628     0.99    3.80
 -52647.205    15.054     1.13    3.42
 -52269.398    14.388    -1.76    3.68
 -51891.694    13.107    -3.39    3.73
 -51514.094    11.881    -3.25    2.94
 -51136.597    10.992    -2.35    2.06
 -50759.204    11.422     1.14    2.45
 -50381.915    12.645     3.24    3.01
 -50004.729    12.892     0.66    3.79
 -49627.647    11.227    -4.42    5.21
 -49250.668     9.168    -5.46    5.48
 -48873.792     7.869    -3.45    4.94
 -48497.019     7.400    -1.25    4.54
 -48120.349     8.715     3.49    3.94
 -47743.782     9.814     2.92    3.18
 -47367.318    10.552     1.96    2.74
 -46990.957    11.651     2.92    2.50
 -46614.698    12.872     3.24    2.81
 -46238.542    13.586     1.90    2.65
 -45862.489    12.674    -2.42    3.42
 -45486.537    10.837    -4.89    3.63
 -45110.689     9.915    -2.45    3.42
 -44734.942     9.567    -0.93    3.77
 -44359.298     8.457    -2.96    3.89
 -43983.756     7.191    -3.37    3.61
 -43608.315     5.808    -3.68    2.49
 -43232.977     5.631    -0.47    2.11
 -42857.741     6.217     1.56    2.25
 -42482.606     6.016    -0.54    2.51
 -42107.573     6.364     0.93    2.80
 -41732.642     6.672     0.82    2.84
 -41357.812     7.844     3.13    3.55
 -40983.083    10.047     5.88    3.79
 -40608.456    12.656     6.97    4.16
 -40233.930    14.977     6.20    3.84
 -39859.505    17.087     5.64    2.78
 -39485.182    18.280     3.19    2.78
 -39110.959    18.805     1.40    3.15
 -38736.837    19.072     0.71    3.40
 -38362.817    19.281     0.56    3.54
 -37988.897    19.039    -0.65    3.52
 -37615.077    18.050    -2.65    3.38
 -37241.358    16.754    -3.47    3.75
 -36867.740    16.094    -1.76    3.41
 -36494.222    16.370     0.74    3.39
 -36120.805    17.504     3.04    3.70
 -35747.488    19.447     5.21    3.04
 -35374.271    21.315     5.00    1.85
 -35001.154    22.078     2.05    3.05
 -34628.137    22.950     2.34    4.10
 -34255.220    23.648     1.87    4.83
 -33882.403    22.921    -1.95    5.34
 -33509.686    21.944    -2.62    4.97
 -33137.068    20.605    -3.59    4.32
 -32764.550    20.274    -0.89    3.58
 -32392.132    20.516     0.65    2.96
 -32019.813    20.295    -0.59    2.62
 -31647.594    20.050    -0.66    2.60
 -31275.473    20.512     1.24    4.42
 -30903.453    22.508     5.37    5.83
 -30531.531    26.177     9.87    6.16
 -30159.708    29.442     8.78    5.09
 -29787.984    30.928     4.00    4.04
 -29416.359    30.787    -0.38    3.16
 -29044.833    30.535    -0.68    2.68
 -28673.406    29.967    -1.53    2.60
 -28302.077    29.516    -1.22    3.18
 -27930.847    28.820    -1.87    4.06
 -27559.716    28.100    -1.94    4.43
 -27188.683    29.155     2.84    4.13
 -26817.748    30.359     3.25    3.80
 -26446.912    32.153     4.84    3.24
 -26076.173    33.648     4.03    2.87
 -25705.533    34.064     1.12    3.63
 -25334.991    34.349     0.77    5.81
 -24964.547    34.532     0.49    6.56
 -24594.201    35.065     1.44    7.04
 -24223.952    36.297     3.33    6.04
 -23853.802    36.797     1.35    5.09
 -23483.749    37.867     2.89    4.54
 -23113.793    40.523     7.18    4.98
 -22743.935    43.680     8.53    6.60
 -22374.175    47.797    11.13    7.65
 -22004.511    52.664    13.17    8.32
 -21634.945    56.608    10.67    7.86
 -21265.476    60.097     9.44    6.94
 -20896.105    63.719     9.81    5.59
 -20526.830    66.720     8.13    5.51
 -20157.652    69.159     6.61    4.62
 -19788.571    70.175     2.75    4.28
 -19419.587    69.380    -2.15    5.47
 -19050.700    68.346    -2.80    6.81
 -18681.909    68.307    -0.11    7.21
 -18313.215    69.408     2.99    6.86
 -17944.618    70.328     2.50    5.78
 -17576.116    69.977    -0.95    4.42
 -17207.711    67.521    -6.67    5.91
 -16839.403    60.500   -19.06    9.13
 -16471.190    53.365   -19.38    9.72
 -16103.074    45.779   -20.61    7.60
 -15735.054    40.430   -14.53    5.70
 -15367.129    36.111   -11.74    4.96
 -14999.301    32.913    -8.70    4.96
 -14631.568    30.234    -7.28    4.40
 -14263.931    27.287    -8.02    4.56
 -13896.390    24.208    -8.38    4.95
 -13528.944    20.669    -9.63    5.35
 -13161.594    16.533   -11.26    4.98
 -12794.339    14.562    -5.36    4.11
 -12427.180    13.598    -2.63    3.46
 -12060.116    13.200    -1.09    3.32
 -11693.147    12.359    -2.29    3.28
 -11326.273    10.773    -4.32    2.96
 -10959.494    10.575    -0.54    2.96
 -10592.810    12.357     4.86    4.26
 -10226.221    14.492     5.82    5.11
  -9859.727    17.050     6.98    4.64
  -9493.328    19.890     7.75    4.79
  -9127.023    20.944     2.88    4.99
  -8760.813    19.785    -3.16    5.69
  -8394.698    16.889    -7.91    6.14
  -8028.677    14.512    -6.49    5.00
  -7662.750    13.447    -2.91    3.74
  -7296.918    16.093     7.23    5.44
  -6931.180    19.328     8.85    5.98
  -6565.536    21.762     6.66    5.13
  -6199.986    22.758     2.72    4.53
  -5834.530    20.357    -6.57    6.76
  -5469.168    15.629   -12.94    7.84
  -5103.900    11.205   -12.11    6.87
  -4738.726     6.992   -11.54    3.56
  -4373.646     5.920    -2.94    2.13
  -4008.659     6.118     0.54    2.14
  -3643.766     6.847     2.00    2.17
  -3278.966     8.216     3.75    2.10
  -2914.260     8.110    -0.29    2.26
  -2549.647     8.320     0.58    2.32
  -2185.127     8.815     1.36    2.70
  -1820.701     9.583     2.11    3.52
  -1456.367     8.712    -2.39    4.89
  -1092.127     5.585    -8.58    5.65
   -727.980     3.087    -6.86    5.05
   -363.925     0.984    -5.78    3.18
      0.036     0.476    -1.39    1.81
    363.905     2.803     6.40    4.36
    727.681     6.123     9.13    5.85
   1091.364    10.937    13.24    5.82
   1454.955    14.795    10.61    4.97
   1818.453    17.570     7.63    4.97
   2181.859    19.504     5.32    5.34
   2545.172    20.055     1.52    5.87
   2908.394    19.476    -1.59    5.80
   3287.480    18.460    -2.68    4.87
   3670.351    18.039    -1.10    4.78
   4053.116    19.264     3.20    5.29
   4435.774    20.205     2.46    5.84
   4818.327    21.009     2.10    5.31
   5200.774    22.079     2.80    5.26
   5583.115    24.672     6.78    6.03
   5965.351    29.504    12.64    6.93
   6347.481    34.055    11.91    7.01
   6729.505    38.585    11.86    6.17
   7111.424    41.732     8.24    4.85
   7493.238    42.586     2.24    4.31
   7874.947    39.551    -7.95    6.00
   8256.550    36.976    -6.75    6.09
   8638.048    36.306    -1.76    6.32
   9019.442    38.756     6.42    7.52
   9400.730    44.492    15.04    6.29
   9781.914    48.606    10.79    7.20
  10162.993    49.487     2.31    8.37
  10543.968    47.659    -4.80   10.31
  10924.838    43.203   -11.70   11.33
  11305.603    36.821   -16.76   10.57
  11686.265    31.754   -13.31    8.29
  12066.822    28.328    -9.00    6.42
  12447.274    26.320    -5.28    5.26
  12827.623    25.388    -2.45    6.41
  13207.867    26.738     3.55    7.16
  13588.008    30.416     9.68    8.57
  13968.045    35.612    13.67    9.66
  14347.978    40.429    12.68    7.72
  14727.808    42.767     6.16    5.86
  15107.533    39.872    -7.62    7.03
  15487.156    35.262   -12.14    7.43
  15866.675    31.309   -10.42    6.10
  16246.090    29.764    -4.07    3.99
  16625.403    30.828     2.80    4.65
  17004.612    33.857     7.99    5.18
  17383.718    37.903    10.67    5.20
  17762.721    40.540     6.96    4.68
  18141.621    42.460     5.07    4.08
  18520.418    45.140     7.08    3.37
  18899.113    47.929     7.36    5.12
  19277.705    50.538     6.89    4.65
  19656.194    52.524     5.25    3.07
  20034.581    53.363     2.22    2.09
  20412.866    53.692     0.87    2.39
  20791.048    53.724     0.09    2.25
  21169.128    54.308     1.54    2.31
  21547.105    55.024     1.89    2.25
  21924.981    55.016    -0.02    2.31
  22302.755    54.952    -0.17    2.66
  22680.426    53.913    -2.75    3.01
  23057.996    50.655    -8.63    4.62
  23435.464    47.357    -8.74    6.06
  23812.831    46.816    -1.43    5.57
  24190.096    47.180     0.97    5.19
  24567.259    49.746     6.80    5.55
  24944.321    52.873     8.29    3.52
  25321.282    55.272     6.36    3.35
  25698.141    58.154     7.65    4.19
  26074.899    62.097    10.46    6.11
  26451.556    64.778     7.12    6.23
  26828.112    66.871     5.56    6.57
  27204.567    67.858     2.62    7.49
  27580.922    67.683    -0.47    7.95
  27957.175    66.943    -1.97    7.03
  28333.328    65.435    -4.01    6.20
  28709.380    63.276    -5.74    7.21
  29085.332    61.320    -5.20    7.56
  29461.183    64.089     7.37    9.06
  29836.934    67.960    10.30    9.23
  30212.584    70.584     6.99    8.83
  30588.135    73.585     7.99    8.24
  30963.585    73.127    -1.22   10.64
  31338.935    71.107    -5.38   11.71
  31714.185    71.637     1.41   12.83
  32089.336    71.286    -0.94   11.66
  32464.386    70.379    -2.42   11.50
  32839.337    67.696    -7.16   11.75
  33214.188    65.121    -6.87    9.54
  33588.940    64.405    -1.91    7.52
  33963.592    65.600     3.19    6.16
  34338.145    66.845     3.32    5.21
  34712.598    66.264    -1.55    4.98
  35086.952    67.951     4.51    6.16
  35461.207    70.320     6.33    7.64
  35835.363    72.177     4.97    6.92
  36209.420    71.775    -1.08    6.90
  36583.378    67.336   -11.87    9.41
  36957.237    61.784   -14.85   10.60
  37330.997    56.934   -12.97    8.64
  37704.658    56.176    -2.03    7.54
  38078.221    59.008     7.58    8.92
  38451.686    64.756    15.39    8.77
  38825.052    70.202    14.58    5.88
  39198.319    74.400    11.25    5.59
  39571.488    78.184    10.14    7.32
  39944.559    80.909     7.30    6.64
  40317.532    83.903     8.03    6.74
  40690.407    85.266     3.66    6.97
  41063.184    83.724    -4.14    9.17
  41435.863    80.760    -7.95   11.02
  41808.444    78.697    -5.54   10.87
  42180.927    78.483    -0.57    9.67
  42553.312    77.832    -1.75    9.57
  42925.600    76.008    -4.90   12.33
  43297.791    71.071   -13.26   13.53
  43669.884    66.419   -12.50   10.35
  44041.879    65.310    -2.98    7.53
  44413.777    67.524     5.95    8.05
  44785.578    70.512     8.04    7.53
  45157.282    73.484     7.99    7.80
  45528.889    76.688     8.62    8.63
  45900.399    79.466     7.48    8.13
  46271.812    83.121     9.84    6.56
  46643.128    84.130     2.72    7.73
  47014.347    83.100    -2.77    8.80
  47385.469    82.097    -2.70    9.29
  47756.495    80.528    -4.23    8.52
  48127.425    79.488    -2.81    6.82
  48498.258    79.984     1.34    6.67
  48868.994    84.136    11.20    7.53
  49239.634    88.895    12.84    7.48
  49610.178    92.855    10.69    4.79
  49980.626    94.677     4.92    3.47
  50350.978    94.847     0.46    3.68
  50721.234    94.615    -0.63    3.97
  51091.393    94.951     0.91    4.82
  51461.457    94.710    -0.65    5.48
  51831.425    93.542    -3.16    6.82
  52201.298    88.089   -14.74    9.60
  52571.074    81.266   -18.45    9.91
  52940.755    74.262   -18.95    8.76
  53310.341    67.784   -17.53    8.08
  53679.831    60.361   -20.09    9.75
  54049.226    52.813   -20.43   11.43
  54418.526    46.218   -17.86   10.14
  54787.730    38.915   -19.78    8.70
  55156.839    37.702    -3.29    8.74
  55525.854    41.385     9.98   12.34
  55894.773    50.425    24.50   18.04
  56263.597    63.363    35.08   17.90
  56632.327    74.566    30.38   14.80
  57000.962    79.123    12.36   14.18
  57369.502    79.274     0.41   15.90
  57737.947    76.101    -8.61   17.36
  58106.298    69.943   -16.72   17.77
  58474.554    63.694   -16.97   16.90
  58842.717    58.114   -15.15   13.73
  59210.784    53.742   -11.88   13.12
  59578.758    50.902    -7.72   12.29
  59946.637    49.703    -3.26   13.55
  60314.422    50.699     2.71   15.14
  60682.114    51.934     3.36   15.69
  61049.711    51.442    -1.34   15.21
  61417.214    50.137    -3.55   13.10
  61784.624    47.730    -6.55    8.47
  62151.940    50.123     6.51    7.70
  62519.162    53.260     8.54    7.94
  62886.290    56.405     8.57    6.64
  63253.325    60.230    10.42    5.55
  63620.267    64.098    10.54    9.82
  63987.115    71.203    19.37   12.72
  64353.870    79.427    22.42   12.60
  64720.532    86.617    19.61   10.42
  65087.100    89.689     8.38    8.10
  65453.576    90.146     1.25    6.45
  65819.958    85.873   -11.66    8.93
  66186.248    82.197   -10.04    8.34
  66552.444    81.371    -2.25    8.06
  66918.548    81.296    -0.21    8.82
  67284.559    84.137     7.76   11.28
  67650.477    88.270    11.30   11.98
  68016.303    90.078     4.94   10.47
  68382.036    86.226   -10.53   10.28
  68747.677    82.860    -9.21   10.33
  69113.226    80.949    -5.23    9.01
  69478.682    81.000     0.14    9.51
  69844.045    81.760     2.08   11.29
  70209.317    82.533     2.12   10.95
  70574.497    80.008    -6.92    9.69
  70939.584    76.729    -8.98    8.84
  71304.580    78.058     3.64    8.45
  71669.484    80.355     6.29    9.30
  72034.295    87.043    18.33   11.11
  72399.015    93.561    17.87    9.25
  72763.644    98.228    12.80    7.52
  73128.181   104.947    18.43    8.04
  73492.626   109.634    12.86    8.28
  73856.980   113.459    10.50    8.84
  74221.242   117.211    10.30    9.43
  74585.413   118.089     2.41    9.54
  74949.493   120.793     7.43    9.92
  75313.482   125.487    12.89   11.65
  75677.379   132.951    20.51   13.21
  76041.186   143.000    27.62   13.05
  76404.901   155.000    32.99   12.59
  76768.525   165.130    27.86   14.35
  77132.059   173.317    22.52   11.61
  77495.502   175.600     6.28    9.80
  77867.103   170.992   -12.40   13.06
  78249.826   158.158   -33.53   15.69
  78632.445   144.262   -36.32   15.44
  79014.961   134.042   -26.72   12.47
  79397.372   125.561   -22.18   11.42
  79779.680   120.868   -12.28   12.32
  80161.885   116.760   -10.75   10.93
  80543.986   114.238    -6.60    8.47
  80925.984   108.110   -16.04    8.43
  81307.878   100.459   -20.03   12.80
  81689.669    90.652   -25.69   13.15
  82071.358    79.744   -28.58   13.16
  82452.943    72.083   -20.07   10.28
  82834.425    73.521     3.77   13.55
  83215.805    84.917    29.88   23.47
  83597.081   102.200    45.33   24.78
  83978.255   116.959    38.72   17.23
  84359.327   126.500    25.04   11.38
  84740.296   126.372    -0.34   11.43
  85121.162   121.797   -12.01   12.65
  85501.926   111.246   -27.71   17.02
  85882.588    99.107   -31.89   17.60
  86263.147    87.227   -31.21   13.10
  86643.605    81.130   -16.02    7.84
  87023.960    79.851    -3.36    3.98
  87404.214    81.554     4.48    4.88
  87784.366    83.254     4.47    5.65
  88164.416    84.533     3.36    5.60
  88544.364    84.901     0.97    5.57
  88924.210    85.058     0.41    5.23
  89303.955    86.902     4.86    5.80
  89683.599    87.850     2.49    6.51
  90063.141    86.597    -3.30    7.00
  90442.582    86.086    -1.35    6.11
  90821.922    86.783     1.84    5.52
  91201.160    87.825     2.75    5.64
  91580.298    88.445     1.64    6.47
  91959.334    89.884     3.80    7.08
  92338.270    91.211     3.50    7.57
  92717.105    92.215     2.65    7.64
  93095.839    93.387     3.09    8.09
  93474.473    93.683     0.78    6.86
  93853.005    94.417     1.94    5.85
  94231.438    96.908     6.58    5.31
  94609.770   100.380     9.18    6.07
  94988.001   105.371    13.19    6.43
  95366.133   110.388    13.27    5.76
  95744.164   112.916     6.69    5.48
  96122.095   112.817    -0.26    6.29
  96499.926   108.893   -10.38    8.31
  96877.657   102.966   -15.69   10.33
  97255.289    94.590   -22.18   13.38
  97632.820    83.617   -29.06   13.70
  98010.252    72.744   -28.81   12.57
  98387.584    64.471   -21.92    8.67
  98764.817    61.483    -7.92    5.72
  99141.950    61.293    -0.51    6.09
  99518.984    59.766    -4.05    6.90
  99895.918    58.798    -2.57    6.93
 100272.754    56.898    -5.04    7.64
 100649.490    55.412    -3.95    8.25
 101026.127    58.000     6.87   12.22
 101402.665    64.110    16.23   15.75
 101779.104    71.246    18.95   17.94
 102155.444    83.252    31.90   20.14
 102531.686    94.983    31.18   23.14
 102907.829    98.267     8.73   24.26
 103283.873    95.244    -8.04   23.56
 103659.819    92.221    -8.04   18.66
 104035.666    88.974    -8.64   12.83
 104411.415    85.615    -8.94   11.97
 104787.065    82.807    -7.47   13.00
 105162.618    78.542   -11.36   13.21
 105538.072    78.192    -0.93   13.36
 105913.428    83.193    13.32   14.00
 106288.686    89.496    16.80   14.79
 106663.846    94.632    13.69   14.14
 107038.908    94.628    -0.01   13.47
 107413.873    86.496   -21.69   14.86
 107788.740    76.136   -27.64   11.87
 108163.509    68.975   -19.10    9.33
 108538.181    61.466   -20.04    8.31
 108912.755    57.516   -10.54    8.58
 109287.232    53.167   -11.61    8.20
 109661.612    48.222   -13.21    7.82
 110035.894    43.081   -13.73    9.37
 110410.079    38.685   -11.75    8.79
 110784.168    35.397    -8.79    5.95
 111158.159    36.134     1.97    5.92
 111532.053    39.142     8.04    5.58
 111905.850    40.583     3.86    4.74
 112279.551    39.991    -1.58    4.74
 112653.155    36.702    -8.80    4.62
 113026.662    33.832    -7.68    4.16
 113400.072    31.701    -5.71    3.18
 113773.387    30.189    -4.05    2.69
 114146.604    28.600    -4.26    2.90
 114519.726    28.090    -1.37    3.22
 114892.751    27.941    -0.40    3.28
 115265.680    28.808     2.33    3.44
 115638.513    29.597     2.11    3.09
 116011.250    30.254     1.76    3.30
 116383.891    29.467    -2.11    4.16
 116756.436    28.487    -2.63    4.03
 117128.885    28.778     0.78    3.94
 117501.238    30.545     4.75    4.26
 117873.496    32.355     4.86    3.53
 118245.658    33.950     4.29    2.21
 118617.725    34.317     0.98    2.07
 118989.696    33.916    -1.08    3.63
 119361.572    35.083     3.14    4.18
 119733.352    35.316     0.63    4.23
 120105.038    36.557     3.34    3.63
 120476.628    36.733     0.47    2.75
 120848.123    36.573    -0.43    2.15
 121219.523    37.636     2.86    2.65
 121590.828    37.643     0.02    3.12
 121962.038    35.183    -6.63    6.45
 122333.154    31.157   -10.85    8.96
 122704.175    27.155   -10.79    8.85
 123075.101    27.446     0.78    9.63
 123445.932    27.517     0.19   10.09
 123816.669    27.992     1.28    9.57
 124187.312    28.512     1.41    8.71
 124557.860    28.711     0.53    7.02
 124928.314    31.617     7.84    6.94
 125298.674    35.824    11.36    8.11
 125668.940    38.353     6.83    9.50
 126039.111    42.281    10.61    9.46
 126409.189    45.564     8.87    8.39
 126779.172    48.653     8.35    7.39
 127149.062    51.496     7.69    5.81
 127518.858    52.780     3.47    5.45
 127888.561    54.101     3.57    6.80
 128258.169    54.457     0.96    7.41
 128627.684    53.868    -1.59    6.71
 128997.106    52.712    -3.13    6.39
 129366.434    50.518    -5.94    6.29
 129735.669    48.860    -4.49    6.29
 130104.810    47.692    -3.16    5.36
 130473.859    45.390    -6.24    3.52
 130842.814    44.669    -1.95    3.13
 131211.676    45.099     1.16    3.95
 131580.445    44.563    -1.45    4.87
 131949.121    43.756    -2.19    5.43
 132317.704    43.144    -1.66    5.64
 132686.195    40.185    -8.03    6.71
 133054.593    38.102    -5.65    6.65
 133422.898    36.950    -3.13    5.81
 133791.110    36.195    -2.05    4.52
 134159.230    36.718     1.42    4.09
 134527.258    35.608    -3.02    4.08
 134895.193    35.246    -0.99    3.72
 135263.036    35.479     0.63    3.60
 135630.787    36.736     3.42    3.62
 135998.445    38.386     4.49    2.71
 136366.012    39.838     3.95    2.65
 136733.486    41.017     3.21    2.53
 137100.868    41.851     2.27    2.55
 137468.159    43.252     3.81    3.23
 137835.358    45.445     5.97    4.28
 138202.465    48.939     9.52    5.99
 138569.480    54.917    16.29   10.35
 138936.404    61.363    17.56   11.58
 139303.236    69.400    21.91   12.73
 139669.977    74.144    12.93    9.74
 140036.626    77.291     8.58    8.77
 140403.184    82.099    13.12   10.20
 140769.650    89.336    19.75   14.58
 141136.026    97.126    21.26   14.04
 141502.310   100.748     9.89   10.41
 141868.503    99.171    -4.31   11.72
 142234.606    95.294   -10.59   10.59
 142600.617    97.613     6.34   12.82
 142966.537   106.114    23.23   15.12
 143332.367   118.588    34.10   16.74
 143698.106   127.254    23.69   14.34
 144063.754   131.035    10.34   11.98
 144429.312   129.602    -3.92   13.81
 144794.779   124.939   -12.76   15.77
 145160.156   114.008   -29.91   15.77
 145525.442   105.350   -23.70   15.40
 145890.638    96.207   -25.03   15.38
 146255.744    87.712   -23.27   10.35
 146620.760    82.157   -15.22    8.84
 146985.685    75.211   -19.03    8.47
 147350.520    68.992   -17.04    8.54
 147715.266    64.769   -11.58    6.62
 148079.921    61.095   -10.08    4.46
 148444.487    60.165    -2.55    4.78
 148808.963    60.474     0.85    5.04
 149173.349    61.496     2.80    5.44
 149537.645    64.893     9.32    6.39
 149901.852    67.782     7.93    6.08
 150265.970    70.043     6.21    5.08
 150629.998    71.667     4.46    5.55
 150993.936    71.423    -0.67    5.92
 151357.785    71.109    -0.86    5.38
 151721.545    71.718     1.67    4.40
 152085.216    72.607     2.44    4.37
 152449.839    73.370     2.09    4.42
 152832.403    73.930     1.46    3.98
 153214.866    75.441     3.95    4.34
 153597.228    77.350     4.99    4.75
 153979.488    76.641    -1.86    6.47
 154361.647    76.466    -0.46    6.46
 154743.705    73.992    -6.48    5.84
 155125.662    73.158    -2.18    5.36
 155507.517    74.638     3.87    5.32
 155889.272    75.269     1.65    5.12
 156270.926    78.164     7.58    6.40
 156652.479    82.550    11.50    7.92
 157033.931    86.750    11.01    7.61
 157415.282    91.241    11.78    7.21
 157796.533    98.291    18.49   12.02
 158177.684   104.839    17.18   13.52
 158558.733   109.068    11.10   11.51
 158939.683   109.035    -0.09   11.64
 159320.532   104.025   -13.15   14.26
 159701.282    98.282   -15.08   12.68
 160081.931    95.067    -8.44   10.89
 160462.480    93.770    -3.41    9.22
 160842.929    96.593     7.42    9.40
 161223.278    98.624     5.34    7.57
 161603.527    99.487     2.27    8.17
 161983.677   102.744     8.56   10.39
 162363.727   107.184    11.68   11.31
 162743.677   108.454     3.34   10.68
 163123.528   109.035     1.53   10.14
 163503.280   108.940    -0.25   10.02
 163882.932   109.718     2.05   12.20
 164262.485   108.256    -3.85   15.47
 164641.939   101.838   -16.91   19.94
 165021.293    89.615   -32.22   24.44
 165400.549    77.008   -33.24   17.76
 165779.706    70.643   -16.79   14.76
 166158.764    78.966    21.95   24.40
 166537.723    92.505    35.72   26.00
 166916.583   104.168    30.78   19.83
 167295.345   112.186    21.17   12.20
 167674.008   114.444     5.96   19.50
 168052.572   119.237    12.66   21.72
 168431.038   125.897    17.59   21.90
 168809.406   128.714     7.45   19.54
 169187.676   128.600    -0.30   20.62
 169565.847   129.134     1.41   24.97
 169943.921   129.167     0.09   26.11
 170321.896   134.305    13.59   25.92
 170699.773   138.214    10.34   24.29
 171077.553   142.566    11.52   22.29
 171455.234   147.949    14.25   17.47
 171832.818   149.064     2.95   12.13
 172210.304   141.568   -19.86   14.49
 172587.693   131.111   -27.71   16.35
 172964.984   117.617   -35.76   13.01
 173342.178   109.216   -22.27    8.85
 173719.274   106.009    -8.50    7.38
 174096.273   108.576     6.81    8.23
 174473.175   116.195    20.21   10.64
 174849.980   126.314    26.85   12.92
 175226.687   137.726    30.29   13.99
 175603.298   150.017    32.63   13.62
 175979.812   154.350    11.51   13.06
 176356.229   153.607    -1.98   16.83
 176732.549   150.093    -9.34   19.44
 177108.772   145.809   -11.39   19.09
 177484.899   146.212     1.07   18.63
 177860.929   147.575     3.63   17.34
 178236.863   152.534    13.19   18.28
 178612.701   157.008    11.90   18.34
 178988.442   163.248    16.60   15.43
 179364.087   167.580    11.53   14.54
 179739.636   172.845    14.02   14.03
 180115.088   179.991    19.03   14.95
 180490.445   186.448    17.20   15.69
 180865.705   193.525    18.86   15.88
 181240.870   200.612    18.89   14.05
 181615.939   207.287    17.79   15.64
 181990.912   214.807    20.05   17.12
 182365.790   226.664    31.63   20.97
 182740.572   242.890    43.29   24.53
 183115.258   258.308    41.14   21.08
 183489.850   271.879    36.23   14.38
 183864.345   279.331    19.89   12.96
 184238.746   281.119     4.78   13.98
 184613.051   279.418    -4.54   12.74
 184987.261   277.835    -4.23    8.82
 185361.376   277.812    -0.06    6.29
 185735.396   281.031     8.60    8.35
