# NaN NaN NaN ;Mean Elev.(m), Avg Gradient(m/km), RMS Gradient(m/km) - SRTM1     
#   13.788  -0.162   3.438 ;Mean Elev.(m), Avg Gradient(m/km), RMS Gradient(m/km) - ASTER GDEM
#    2.000   0.201   3.488 ;Mean Elev.(m), Avg Gradient(m/km), RMS Gradient(m/km) - GMTED2010 
  7     0.757 52470.18225408 38.04 113.237725  72.776373 17.640
  7     0.957 52470.18225473 32.32 113.231905  72.773503 17.640
  7     1.138 52470.18225537 41.65 113.226095  72.770633 17.640
  8   304.703 52505.18223761 27.35 113.233741  72.776014 12.661
  8   297.300 52505.18223825 35.12 113.227931  72.773144 12.661
  8   297.782 52505.18223889 31.03 113.222111  72.770274 12.661
 10     0.109 52575.18226584 20.18 113.239998  72.775064  3.593
 10     0.353 52575.18226648 19.93 113.234188  72.772194  3.593
 10     0.800 52575.18226713 19.96 113.228368  72.769324  3.593
 11     0.565 52610.18222680 17.01 113.232149  72.774883  3.423
 11     0.388 52610.18222744 17.22 113.226339  72.772013  3.423
 11     1.113 52610.18222809 15.95 113.220529  72.769143  3.423
 12     0.330 52645.18221687 17.49 113.244329  72.771836  3.822
 12     0.205 52645.18221751 19.23 113.238509  72.768966  3.822
 12     0.403 52645.18221816 17.20 113.232699  72.766096  3.822
 13     0.272 52680.18219236 15.56 113.238627  72.776094  3.562
 13     0.247 52680.18219300 20.43 113.232817  72.773224  3.562
 13     1.622 52680.18219365 17.12 113.227000  72.770356  2.995
 15     0.711 52750.18226631 14.87 113.226789  72.780860  3.774
 15     0.726 52750.18226696 15.02 113.220969  72.777990  3.774
 15     0.809 52750.18226760 14.47 113.215159  72.775120  3.774
 15     0.592 52750.18226825 14.41 113.209349  72.772250  3.774
 16     0.579 52785.18221025 29.26 113.252744  72.768182 12.247
 16     0.673 52785.18221089 36.27 113.246924  72.765312 12.247
 16     0.466 52785.18221153 37.28 113.241114  72.762452 12.247
 17     7.886 52820.18228531 31.48 113.249618  72.769307 12.453
 17     0.847 52820.18228596 29.13 113.243808  72.766437 12.453
 17     0.639 52820.18228660 30.67 113.237988  72.763567 12.453
 18     7.210 52855.18233326 33.36 113.247376  72.771472 14.958
 18     0.948 52855.18233390 33.96 113.241566  72.768602 14.958
 18     0.914 52855.18233454 39.81 113.235746  72.765732 14.958
 20     0.606 52925.18231879 28.60 113.228368  72.779530  9.056
 20     0.654 52925.18231944 30.13 113.222558  72.776660  9.056
 20     0.645 52925.18232008 30.48 113.216748  72.773790  9.056
 20     0.711 52925.18232073 29.76 113.210938  72.770920  9.056
 21     3.263 52960.18228711 11.74 113.254370  72.769162  2.372
 21     3.409 52960.18228776 11.66 113.248560  72.766292  2.372
 21     1.667 52960.18228840 11.59 113.242740  72.763422  2.372
 22     4.879 52995.18232194 11.69 113.239105  72.771039  3.437
 22     3.932 52995.18232259 12.06 113.233295  72.768169  3.437
 23     5.583 53030.18228394 11.34 113.231689  72.779959  3.066
 23     4.253 53030.18228458 11.32 113.225869  72.777089  3.066
 23     4.871 53030.18228523 10.71 113.220059  72.774219  3.066
 23     2.444 53030.18228587 11.05 113.214249  72.771349  3.066
 25     6.072 53100.18229699  8.36 113.230497  72.781683  2.238
 25     5.741 53100.18229763  8.58 113.224683  72.778819  2.471
 25     3.740 53100.18229828  8.88 113.218873  72.775949  2.471
 25     4.492 53100.18229892  7.87 113.213053  72.773069  2.471
 28     7.201 53205.18236085 27.75 113.238641  72.774491 20.566
 28     0.906 53205.18236150 32.36 113.232831  72.771621 20.566
 28     0.842 53205.18236214 33.80 113.227021  72.768751 20.566
 29     7.111 53240.18232882 27.69 113.234403  72.775674 10.127
 29     5.333 53240.18232947 27.90 113.228593  72.772804 10.127
 29     0.476 53240.18233011 23.96 113.222783  72.769934 10.127
 31     5.187 53310.18234307 19.72 113.240994  72.774019  3.274
 31     4.474 53310.18234372 19.45 113.235184  72.771149  3.274
 31     3.595 53310.18234436 19.22 113.229364  72.768279  3.274
 32     4.530 53345.18230919 16.78 113.234167  72.775214  3.000
 32     2.550 53345.18230983 17.72 113.228357  72.772344  3.000
 32     2.173 53345.18231047 16.71 113.222537  72.769474  3.000
 33     0.180 53380.18226126 18.21 113.257559  72.767785  4.394
 33     0.402 53380.18226191 17.25 113.251749  72.764915  4.394
 33     0.058 53380.18226255 16.87 113.245939  72.762045  4.394
 34     0.376 53415.18228684 21.70 113.239279  72.771885  5.777
 34     0.336 53415.18228748 23.18 113.233469  72.769015  5.777
 34     0.278 53415.18228813 21.70 113.227659  72.766145  5.777
 35     0.348 53450.18228100 14.45 113.257553  72.766976  4.196
 35     0.304 53450.18228164 15.16 113.251743  72.764106  4.196
 35     0.244 53450.18228229 14.53 113.245933  72.761246  4.196
 36     0.468 53485.18236571 15.82 113.239128  72.773589  5.063
 36     0.307 53485.18236635 18.86 113.233318  72.770719  5.063
 36     0.635 53485.18236700 15.30 113.227498  72.767849  5.063
 37     1.407 53520.18236131 27.40 113.236761  72.773128  8.716
 37     1.358 53520.18236196 26.82 113.230941  72.770258  8.716
 38     7.396 53555.18238400 29.96 113.236148  72.776855 13.176
 38     0.337 53555.18238464 30.01 113.230338  72.773985 13.176
 38     0.699 53555.18238529 33.56 113.224518  72.771115 13.176
 39     7.312 53590.18232759 24.74 113.233530  72.774894  5.683
 39     6.844 53590.18232823 21.34 113.227720  72.772024  5.683
 39     6.371 53590.18232888 18.45 113.221910  72.769144  5.683
 41     0.447 53660.18233519 32.73 113.244397  72.772235  9.171
 41     0.402 53660.18233584 31.77 113.238577  72.769365  9.171
 41     0.382 53660.18233648 32.49 113.232767  72.766495  9.171
 42     2.741 53695.18230829 18.39 113.235159  72.777729  2.835
 42     2.702 53695.18230893 17.33 113.229339  72.774859  2.835
 42     2.412 53695.18230958 16.76 113.223529  72.771989  2.835
 42     1.848 53695.18231022 16.67 113.217719  72.769119  2.835
 43     2.734 53730.18223128 17.11 113.227873  72.778138  2.738
 43     3.252 53730.18223193 16.46 113.222053  72.775268  2.738
 43     2.713 53730.18223257 16.04 113.216243  72.772398  2.738
 45     0.281 53800.18220322 13.77 113.229731  72.775539  2.534
 45     2.568 53800.18220386 13.16 113.223921  72.772669  2.534
 45     2.088 53800.18220451 12.60 113.218111  72.769799  2.534
 46     0.288 53835.18220555 14.98 113.254048  72.768598  3.456
 46     0.229 53835.18220619 16.92 113.248238  72.765728  3.456
 46     0.107 53835.18220684 16.22 113.242418  72.762858  3.456
 47     0.644 53870.18226557 10.38 113.240254  72.770894  2.759
 47     0.733 53870.18226622 10.40 113.234444  72.768024  2.759
 47     0.528 53870.18226686 10.67 113.228624  72.765150  2.872
 48     7.139 53905.18230043 28.53 113.239542  72.773343 10.644
 48     6.987 53905.18230107 22.93 113.233722  72.770473 10.644
 48     6.589 53905.18230172 19.48 113.227912  72.767603 10.644
 49     0.253 53940.18233275 29.50 113.232150  72.774499 19.470
 49     0.878 53940.18233339 32.12 113.226330  72.771629 19.470
 49     0.566 53940.18233404 28.76 113.220520  72.768759 19.470
 50     0.794 53975.18229055 47.12 113.227748  72.777689 27.052
 50     0.868 53975.18229119 38.97 113.221938  72.774819 27.052
 50     0.885 53975.18229184 49.33 113.216128  72.771949 27.052
 51     7.110 54010.18228873 20.12 113.251529  72.766472 17.939
 51     6.191 54010.18228938 21.52 113.245708  72.763597  5.809
 52     0.130 54045.18230572 22.52 113.246235  72.770273  5.527
 52     0.039 54045.18230636 24.13 113.240425  72.767403  5.527
 52    -0.032 54045.18230701 23.13 113.234615  72.764533  5.527
 53     3.033 54080.18229820 15.68 113.234920  72.777225  3.294
 53     2.620 54080.18229884 14.79 113.229110  72.774355  3.294
 53     1.776 54080.18229949 14.12 113.223300  72.771485  3.294
 54     3.472 54115.18223269 12.70 113.226552  72.780442  2.982
 54     3.450 54115.18223333 12.13 113.220732  72.777572  2.982
 54     1.300 54115.18223397 11.95 113.214922  72.774702  2.982
 54     0.589 54115.18223462 11.57 113.209112  72.771832  2.982
 56     3.542 54185.18222411  8.49 113.226203  72.778714  2.514
 56     3.221 54185.18222475  8.03 113.220393  72.775844  2.514
 56     1.757 54185.18222540  8.28 113.214573  72.772974  2.514
 57     2.220 54220.18225645  7.64 113.241618  72.770240  2.720
 57     1.236 54220.18225709  7.62 113.235808  72.767370  2.720
 57     1.016 54220.18225774  7.90 113.229988  72.764490  2.720
 58     7.248 54255.18227971 32.51 113.238614  72.773594 15.178
 58     4.714 54255.18228035 38.15 113.232804  72.770734 15.178
 58     4.716 54255.18228100 42.88 113.226994  72.767864 15.178
 59     7.071 54290.18228257 24.39 113.235653  72.771940 11.994
 59     6.880 54290.18228322 20.12 113.229843  72.769070 11.994
 60     7.314 54325.18227949 30.91 113.240254  72.775139 12.247
 60     7.226 54325.18228014 21.07 113.234444  72.772269 12.247
 60     6.670 54325.18228078 20.65 113.228634  72.769399 12.247
 61     7.214 54360.18223247 27.06 113.227636  72.780177 13.913
 61     6.747 54360.18223311 24.03 113.221826  72.777307 13.913
 62     0.065 54395.18222008 31.70 113.240942  72.771843  9.302
 62    -0.032 54395.18222073 27.37 113.235132  72.768973  9.302
 62     0.102 54395.18222137 30.18 113.229322  72.766113  9.302
 63     3.173 54430.18218300 15.31 113.233515  72.777194  3.663
 63     2.744 54430.18218364 14.56 113.227695  72.774314  3.663
 63     2.400 54430.18218429 14.22 113.221885  72.771444  3.663
 64     5.194 54465.18220002 11.65 113.245553  72.770724  3.274
 64     2.473 54465.18220067 11.63 113.239743  72.767854  3.274
 64     1.008 54465.18220131 11.52 113.233933  72.764984  3.274
 65     2.832 54500.18219504 12.15 113.234681  72.775653  3.380
 65     0.536 54500.18219568 12.82 113.228861  72.772783  3.380
 65     1.598 54500.18219633 12.14 113.223051  72.769913  3.380
 66     2.563 54535.18221458 10.70 113.238768  72.772525  3.740
 66     1.157 54535.18221523 11.77 113.232961  72.769653  2.849
 66     0.977 54535.18221587 11.16 113.227141  72.766783  2.849
 67     5.821 54570.18219785  7.83 113.227714  72.777318  2.609
 67     5.214 54570.18219850  7.65 113.221904  72.774448  2.609
 67     2.709 54570.18219914  9.35 113.216094  72.771578  2.609
 68     7.020 54605.18220872  7.11 113.239326  72.772229  2.908
 68     2.577 54605.18220936  9.02 113.233506  72.769359  2.908
 68     3.736 54605.18221001  6.56 113.227696  72.766489  2.908
 69     7.412 54640.18221815 32.01 113.237939  72.775894 10.752
 69     7.113 54640.18221880 25.93 113.232119  72.773024 10.752
 69     6.663 54640.18221944 21.28 113.226309  72.770154 10.752
 70     7.305 54675.18222071 27.81 113.237625  72.774506 13.938
 70     2.270 54675.18222136 29.32 113.231805  72.771636 13.938
 70     0.702 54675.18222200 30.26 113.225995  72.768766 13.938
 71     0.929 54710.18217664 49.93 113.233873  72.778941 18.034
 71     0.856 54710.18217728 52.03 113.228063  72.776071 18.034
 71     0.911 54710.18217793 51.71 113.222253  72.773201 18.034
 71     0.742 54710.18217857 49.18 113.216443  72.770331 18.034
 72     0.229 54745.18218810 45.53 113.241526  72.772678 15.123
 72     0.131 54745.18218874 43.68 113.235716  72.769808 15.123
 72     0.184 54745.18218939 38.71 113.229896  72.766938 15.123
 73     3.908 54780.18216131 16.87 113.238396  72.775830  3.886
 73     2.956 54780.18216196 16.91 113.232586  72.772960  3.886
 73     1.712 54780.18216260 17.13 113.226776  72.770090  3.886
 74     0.805 54815.18218183 13.34 113.240545  72.769699  3.621
 74     1.000 54815.18218248 13.51 113.234735  72.766829  3.621
 75     0.612 54850.18215967 25.16 113.235941  72.777052 11.106
 75     0.717 54850.18216032 27.65 113.230131  72.774182 11.106
 75     0.616 54850.18216096 32.08 113.224311  72.771312 11.106
 76     1.396 54885.18218537 20.24 113.239296  72.771864  6.734
 76     1.221 54885.18218601 20.83 113.233486  72.768994  6.734
 77     1.197 54920.18216120 18.17 113.224594  72.779951  5.841
 77     1.097 54920.18216185 20.60 113.218774  72.777081  5.841
 77     1.291 54920.18216249 19.83 113.212964  72.774211  5.841
 78     1.082 54955.18218016  9.45 113.243904  72.772726  3.104
 78     1.954 54955.18218080  9.42 113.238094  72.769856  3.104
 78     1.393 54955.18218145  9.34 113.232274  72.766986  3.104
 79     7.952 54990.18220386 30.71 113.238329  72.773645 15.083
 79     7.600 54990.18220450 27.52 113.232519  72.770775 15.083
 79    31.248 54990.18220515 24.05 113.226699  72.767905 15.083
 80     7.248 55025.18219535 26.15 113.233085  72.773884 15.299
 80     0.747 55025.18219599 30.07 113.227275  72.771014 15.299
 80     0.663 55025.18219664 31.11 113.221465  72.768144 15.299
 81     7.239 55060.18218916 26.95 113.237400  72.774125 15.478
 81     0.059 55060.18218981 31.91 113.231590  72.771255 15.478
 81    -0.093 55060.18219045 27.32 113.225780  72.768385 15.478
 82     5.804 55095.18214043 29.55 113.225350  72.779141 10.583
 82     0.696 55095.18214107 29.21 113.219530  72.776271 10.583
 83    -0.127 55130.18213130 35.04 113.241509  72.773299  9.710
 83    -0.398 55130.18213195 34.96 113.235699  72.770429  9.710
 83    -0.410 55130.18213259 33.63 113.229879  72.767559  9.710
 84     0.261 55165.18210251 18.76 113.237035  72.776220  3.696
 84     2.013 55165.18210315 18.19 113.231215  72.773350  3.696
 84     1.594 55165.18210380 17.86 113.225405  72.770480  3.696
 85    -0.173 55200.18212294 16.50 113.243746  72.773195  3.714
 85     0.635 55200.18212358 15.69 113.237936  72.770325  3.714
 85     0.562 55200.18212423 15.04 113.232116  72.767455  3.714
 86     0.440 55235.18210789 20.71 113.233339  72.778788  7.182
 86     0.775 55235.18210854 22.59 113.227529  72.775918  7.182
 86     0.762 55235.18210918 29.48 113.221709  72.773048  7.182
 86     0.691 55235.18210983 22.49 113.215899  72.770178  7.182
 87     0.665 55270.18211797 14.96 113.235935  72.771884  4.825
 87     0.913 55270.18211862 14.32 113.230125  72.769014  4.825
 88     0.661 55305.18208890 14.14 113.227287  72.778532  4.312
 88     0.796 55305.18208955 15.66 113.221477  72.775662  4.312
 88     0.839 55305.18209019 13.68 113.215667  72.772792  4.312
 89     1.283 55340.18208911 42.27 113.238038  72.773049 14.860
 89     1.101 55340.18208976 34.69 113.232228  72.770179 14.860
 89     1.494 55340.18209040 40.86 113.226418  72.767309 14.860
 90     7.281 55375.18208134 27.17 113.234113  72.774470 15.345
 90     5.069 55375.18208198 30.67 113.228303  72.771600 15.345
 90     0.912 55375.18208263 37.63 113.222493  72.768730 15.345
 91     7.353 55410.18210382 20.35 113.239368  72.770451 14.815
 91     7.203 55410.18210446 21.15 113.233558  72.767581 14.815
 92     6.826 55445.18209770 26.67 113.235396  72.773737 15.455
 92     0.936 55445.18209834 27.76 113.229586  72.770867 15.455
 92     0.999 55445.18209899 30.83 113.223776  72.767997 15.455
 93     0.536 55480.18203164 35.76 113.227904  72.781473  8.256
 93     0.519 55480.18203229 34.03 113.222094  72.778603  8.256
 93     0.536 55480.18203293 30.86 113.216284  72.775733  8.256
 93     0.510 55480.18203358 32.79 113.210464  72.772863  8.256
