# NaN NaN NaN ;Mean Elev.(m), Avg Gradient(m/km), RMS Gradient(m/km) - SRTM1     
#   17.660   1.238   3.119 ;Mean Elev.(m), Avg Gradient(m/km), RMS Gradient(m/km) - ASTER GDEM
#    1.014  -0.858   2.573 ;Mean Elev.(m), Avg Gradient(m/km), RMS Gradient(m/km) - GMTED2010 
  7   -17.503 52448.51977878 45.49 113.571159  73.023686 29.997
  7   -17.441 52448.51977943 44.57 113.565179  73.026546 29.997
  7   -17.410 52448.51978007 48.67 113.559199  73.029397 29.566
  7   -17.411 52448.51978072 50.14 113.553219  73.032257 29.566
  7   -17.570 52448.51978136 51.93 113.547229  73.035107 29.566
  7   -17.506 52448.51978201 51.50 113.541249  73.037967 29.566
  8     0.416 52483.51976758 51.14 113.575987  73.030063 33.634
  8     0.375 52483.51976822 49.73 113.570007  73.032913 33.634
  8     0.325 52483.51976886 44.30 113.564017  73.035773 33.634
  8     0.364 52483.51976951 28.34 113.558037  73.038623 33.634
  8     0.469 52483.51977015 27.17 113.552047  73.041483 33.634
  8     3.985 52483.51977080 25.43 113.546057  73.044333 33.634
  9     3.345 52518.51972740 23.18 113.578156  73.035945 27.091
  9     2.781 52518.51972804 21.72 113.572166  73.038805 27.091
  9    -0.434 52518.51972869 30.49 113.566186  73.041655 27.091
  9    -0.179 52518.51972933 28.84 113.560193  73.044510 27.453
 10     0.121 52553.51977509 29.47 113.569707  73.019616 12.317
 10     0.181 52553.51977573 32.27 113.563727  73.022466 12.317
 10     0.186 52553.51977637 36.54 113.557747  73.025326 12.317
 10     0.098 52553.51977702 34.57 113.551757  73.028176 12.317
 10     0.022 52553.51977766 35.42 113.545777  73.031036 12.317
 10     0.177 52553.51977831 37.11 113.539787  73.033886 12.317
 11    -0.316 52588.51975835 21.98 113.578757  73.030018  4.575
 11    -0.022 52588.51975900 22.24 113.572767  73.032868  4.575
 11    -0.124 52588.51975964 22.45 113.566787  73.035728  4.575
 11    -0.208 52588.51976029 22.61 113.560807  73.038578  4.575
 11    -0.210 52588.51976093 22.78 113.554817  73.041438  4.575
 11    -0.263 52588.51976157 22.11 113.548827  73.044288  4.575
 12     0.101 52623.51971047 19.74 113.579681  73.035348  4.589
 12     0.169 52623.51971111 19.80 113.573701  73.038208  4.589
 12     0.161 52623.51971176 20.16 113.567711  73.041058  4.589
 12     0.219 52623.51971240 19.97 113.561731  73.043918  4.589
 12     0.325 52623.51971305 19.35 113.555741  73.046768  4.589
 13    -0.008 52658.51972831 18.36 113.573888  73.028823  3.187
 13     0.225 52658.51972895 19.33 113.567908  73.031673  3.187
 13     0.266 52658.51972960 19.91 113.561919  73.034527  4.224
 13     0.218 52658.51973024 19.76 113.555939  73.037387  4.224
 13     0.287 52658.51973089 20.02 113.549949  73.040237  4.224
 13     0.429 52658.51973153 18.61 113.543959  73.043097  4.224
 15     0.353 52728.51974788 16.83 113.575278  73.029475  2.385
 15     0.448 52728.51974853 17.77 113.569298  73.032325  2.385
 15     0.468 52728.51974917 19.50 113.563306  73.035180  3.149
 15     0.506 52728.51974982 19.21 113.557326  73.038040  3.149
 15     0.563 52728.51975046 18.15 113.551336  73.040890  3.149
 15     0.527 52728.51975111 18.45 113.545346  73.043750  3.149
 16     0.633 52763.51976062 11.17 113.581693  73.031916  2.294
 16     0.446 52763.51976126 11.41 113.575713  73.034776  2.294
 16     1.071 52763.51976191 11.38 113.569733  73.037636  2.294
 16     2.530 52763.51976255 10.59 113.563753  73.040486  2.294
 16     1.187 52763.51976320 10.82 113.557763  73.043346  2.294
 17     0.150 52798.51973388 32.09 113.568062  73.024070 25.081
 17     0.063 52798.51973452 37.82 113.562082  73.026920 25.081
 17     0.138 52798.51973517 41.11 113.556092  73.029780 25.081
 17     0.172 52798.51973581 42.37 113.550112  73.032630 25.081
 17     0.079 52798.51973646 42.82 113.544122  73.035490 25.081
 17     0.102 52798.51973710 43.39 113.538132  73.038340 25.081
 18     3.697 52833.51980374 26.46 113.572018  73.022768 29.154
 18     3.567 52833.51980438 21.08 113.566028  73.025618 29.154
 18     2.972 52833.51980503 20.75 113.560046  73.028479 27.308
 18     1.226 52833.51980567 24.95 113.554066  73.031329 27.308
 18     0.902 52833.51980632 27.93 113.548076  73.034179 27.308
 18     3.859 52833.51980696 26.95 113.542086  73.037039 27.308
 18     4.082 52833.51980761 28.97 113.536096  73.039889 27.308
 19    -0.001 52868.51984681 51.13 113.577021  73.027889 29.899
 19     0.053 52868.51984745 53.05 113.571040  73.030746 30.734
 19     0.115 52868.51984810 51.83 113.565060  73.033606 30.734
 19     0.124 52868.51984874 49.98 113.559070  73.036456 30.734
 19     0.848 52868.51984939 40.27 113.553090  73.039316 30.734
 19     0.073 52868.51985003 51.88 113.547100  73.042166 30.734
 20     3.418 52903.51986064 24.87 113.574140  73.032122 19.933
 20     2.964 52903.51986129 21.49 113.568160  73.034982 19.933
 20     1.337 52903.51986193 26.48 113.562170  73.037832 19.933
 20     1.000 52903.51986258 28.93 113.556190  73.040692 19.933
 20     3.852 52903.51986322 25.15 113.550200  73.043542 19.933
 21     0.172 52938.51979789 20.73 113.584413  73.037103  3.755
 21     0.196 52938.51979854 21.06 113.578433  73.039953  3.755
 21     1.953 52938.51979918 20.20 113.572443  73.042813  3.755
 21     0.378 52938.51979983 20.47 113.566463  73.045663  3.755
 21     0.427 52938.51980047 21.28 113.560473  73.048523  3.755
 22    -0.307 52973.51983255 15.71 113.568325  73.025699  2.913
 22    -0.137 52973.51983319 15.51 113.562335  73.028549  2.913
 22    -0.005 52973.51983384 14.89 113.556355  73.031409  2.913
 22     0.483 52973.51983448 14.84 113.550375  73.034259  2.913
 22     0.921 52973.51983513 14.54 113.544385  73.037119  2.913
 22     1.039 52973.51983577 13.95 113.538396  73.039972  2.408
 23     0.026 53008.51984087 13.75 113.573215  73.028123  2.646
 23     0.118 53008.51984152 13.73 113.567225  73.030983  2.646
 23     0.234 53008.51984216 12.45 113.561245  73.033833  2.646
 23     1.097 53008.51984280 12.52 113.555265  73.036693  2.646
 23     1.032 53008.51984345 12.02 113.549275  73.039543  2.646
 23     0.882 53008.51984409 11.66 113.543285  73.042403  2.646
 24    -0.114 53043.51979781 14.24 113.565569  73.022180  2.935
 24     0.012 53043.51979846 13.20 113.559589  73.025040  2.935
 24     0.025 53043.51979910 13.13 113.553609  73.027890  2.935
 24     0.042 53043.51979974 13.74 113.547619  73.030750  2.935
 24     0.044 53043.51980039 13.94 113.541639  73.033600  2.935
 24     0.321 53043.51980103 13.10 113.535649  73.036460  2.935
 25     0.094 53078.51983213 11.63 113.575212  73.029492  2.420
 25    -0.066 53078.51983277 11.43 113.569232  73.032352  2.420
 25     0.930 53078.51983342 10.99 113.563252  73.035212  2.420
 25     0.964 53078.51983406 11.02 113.557262  73.038062  2.420
 25     1.330 53078.51983471 10.28 113.551283  73.040924  2.701
 25     1.246 53078.51983535  9.77 113.545293  73.043774  2.701
 26     0.335 53113.51980117 11.92 113.567974  73.019377  2.618
 26     0.115 53113.51980182 12.14 113.561994  73.022237  2.618
 26     0.304 53113.51980246 11.43 113.556014  73.025087  2.618
 26     0.298 53113.51980310 11.42 113.550024  73.027947  2.618
 26     0.450 53113.51980375 11.78 113.544044  73.030797  2.618
 26     0.967 53113.51980439 11.46 113.538054  73.033657  2.618
 27     3.315 53148.51984749  6.88 113.569739  73.027142  1.822
 27     3.075 53148.51984813  6.83 113.563759  73.030002  1.822
 27     3.200 53148.51984878  6.39 113.557769  73.032852  1.822
 27     3.291 53148.51984942  6.39 113.551786  73.035706  2.367
 27    13.208 53148.51985007  6.27 113.545806  73.038566  2.367
 27    11.307 53148.51985071  6.57 113.539816  73.041416  2.367
 28     3.750 53183.51984550 33.73 113.575631  73.030004 28.412
 28     3.454 53183.51984614 30.66 113.569651  73.032864 28.412
 28     2.964 53183.51984679 27.67 113.563661  73.035714 28.412
 28     3.438 53183.51984743 25.81 113.557681  73.038564 28.412
 28     3.924 53183.51984808 29.85 113.551691  73.041424 28.412
 28     4.299 53183.51984872 35.58 113.545701  73.044284 28.412
 29     0.739 53218.51986983 46.70 113.576557  73.029256 33.533
 29     0.710 53218.51987048 48.41 113.570577  73.032116 33.533
 29     0.637 53218.51987112 40.27 113.564597  73.034976 33.533
 29     0.508 53218.51987177 37.70 113.558607  73.037826 33.533
 29     0.711 53218.51987241 45.06 113.552617  73.040686 33.533
 29     0.671 53218.51987306 44.59 113.546627  73.043536 33.533
 30     0.453 53253.51984830 37.63 113.578838  73.035108 24.509
 30     2.508 53253.51984895 22.96 113.572858  73.037958 24.509
 30     1.089 53253.51984959 25.69 113.566868  73.040818 24.509
 30     2.994 53253.51985023 22.85 113.560878  73.043668 24.509
 30     3.646 53253.51985088 23.00 113.554898  73.046528 24.509
 31    -0.041 53288.51984858 30.36 113.565852  73.019361  9.044
 31     0.042 53288.51984922 33.47 113.559872  73.022211  9.044
 31     0.016 53288.51984987 35.39 113.553892  73.025071  9.044
 31     0.007 53288.51985051 35.26 113.547912  73.027921  9.044
 31     0.095 53288.51985116 34.19 113.541922  73.030781  9.044
 31     0.070 53288.51985180 32.66 113.535932  73.033631  9.044
 32     0.145 53323.51982599 21.20 113.576301  73.031342  3.987
 32     0.318 53323.51982664 21.00 113.570311  73.034202  3.987
 32     0.171 53323.51982728 20.94 113.564331  73.037052  3.987
 32     0.302 53323.51982793 20.95 113.558341  73.039912  3.987
 32     0.188 53323.51982857 20.29 113.552351  73.042762  3.987
 33    -0.433 53358.51979034 16.38 113.580180  73.036333  3.812
 33    -0.094 53358.51979099 16.53 113.574200  73.039183  3.812
 33     0.047 53358.51979163 15.68 113.568210  73.042043  3.812
 33     0.077 53358.51979228 15.70 113.562220  73.044893  3.812
 33     0.114 53358.51979292 14.86 113.556240  73.047753  3.812
 34     0.175 53393.51980430 17.90 113.570675  73.020914  4.562
 34     0.316 53393.51980494 18.15 113.564695  73.023774  4.562
 34     0.187 53393.51980559 18.28 113.558715  73.026624  4.562
 34     0.303 53393.51980623 19.34 113.552735  73.029484  4.562
 34     0.318 53393.51980688 18.73 113.546745  73.032334  4.562
 34     0.446 53393.51980752 18.25 113.540755  73.035194  4.562
 34     0.364 53393.51980817 16.60 113.534765  73.038044  4.562
 35    -0.048 53428.51980055 15.45 113.579233  73.034649  5.005
 35    -0.076 53428.51980119 15.23 113.573253  73.037499  5.005
 35     0.016 53428.51980184 15.98 113.567263  73.040359  5.005
 35     0.188 53428.51980248 16.55 113.561273  73.043209  5.005
 35     0.426 53428.51980313 16.79 113.555293  73.046069  5.005
 36     0.110 53463.51981961 13.96 113.567394  73.024016  3.882
 36    -0.113 53463.51982025 14.14 113.561414  73.026866  3.882
 36     0.045 53463.51982090 13.86 113.555434  73.029726  3.882
 36     0.013 53463.51982154 14.97 113.549444  73.032576  3.882
 36     0.173 53463.51982219 14.74 113.543464  73.035436  3.882
 36     0.569 53463.51982283 13.45 113.537474  73.038286  3.882
 37     0.158 53498.51988917 11.94 113.569663  73.026098  3.172
 37     0.045 53498.51988981 12.32 113.563683  73.028958  3.172
 37     0.228 53498.51989046 11.73 113.557693  73.031808  3.172
 37     0.298 53498.51989110 12.26 113.551713  73.034668  3.172
 37     0.752 53498.51989175 10.94 113.545723  73.037518  3.172
 37     0.662 53498.51989239 11.32 113.539743  73.040378  3.172
 38     4.051 53533.51987302 34.88 113.578408  73.031512 30.351
 38     3.369 53533.51987366 35.35 113.572428  73.034372 30.351
 38     3.083 53533.51987431 39.63 113.566438  73.037222 30.351
 38     3.052 53533.51987495 39.81 113.560458  73.040082 30.351
 38     3.319 53533.51987560 36.96 113.554468  73.042932 30.351
 39     3.712 53568.51988957 31.06 113.576601  73.028143 27.209
 39     3.428 53568.51989021 23.14 113.570621  73.030993 27.209
 39     2.786 53568.51989086 21.96 113.564641  73.033853 27.209
 39     2.994 53568.51989150 24.63 113.558661  73.036703 27.209
 39     3.462 53568.51989215 25.91 113.552671  73.039563 27.209
 39     3.879 53568.51989279 28.55 113.546681  73.042413 27.209
 40     3.841 53603.51983638 30.17 113.583165  73.035113 30.652
 40     3.346 53603.51983702 25.26 113.577175  73.037973 30.652
 40     2.341 53603.51983767 28.19 113.571195  73.040833 30.652
 40     1.137 53603.51983831 28.86 113.565205  73.043683 30.652
 40     3.508 53603.51983895 25.12 113.559225  73.046543 30.652
 41     3.697 53638.51983272 30.57 113.570070  73.020764 29.494
 41     3.583 53638.51983336 24.29 113.564090  73.023624 29.494
 41     2.800 53638.51983400 24.86 113.558110  73.026474 29.494
 41     0.382 53638.51983465 25.64 113.552130  73.029334 29.494
 41     1.326 53638.51983529 24.23 113.546140  73.032184 29.494
 41     0.566 53638.51983594 30.77 113.540150  73.035044 29.494
 42     0.356 53673.51985386 24.12 113.571606  73.025893  5.013
 42     0.508 53673.51985451 25.29 113.565616  73.028743  5.013
 42     0.485 53673.51985515 25.43 113.559636  73.031603  5.013
 42     0.466 53673.51985580 25.92 113.553656  73.034453  5.013
 42     0.436 53673.51985644 25.27 113.547666  73.037313  5.013
 42     0.350 53673.51985709 25.20 113.541676  73.040163  5.013
 43    -0.235 53708.51978668 16.67 113.580744  73.037306  3.405
 43    -0.118 53708.51978732 16.10 113.574764  73.040156  3.405
 43    -0.208 53708.51978796 15.82 113.568774  73.043016  3.405
 43     0.022 53708.51978861 16.19 113.562784  73.045866  3.405
 43    -0.050 53708.51978925 15.72 113.556804  73.048726  3.405
 44    -0.450 53743.51969758 19.75 113.588304  73.039983  4.576
 44    -0.164 53743.51969822 19.04 113.582324  73.042833  4.576
 44    -0.255 53743.51969886 19.60 113.576334  73.045693  4.576
 44    -0.214 53743.51969951 18.75 113.570344  73.048543  4.576
 44    -0.170 53743.51970015 19.00 113.564364  73.051403  4.576
 45     0.188 53778.51972403 18.00 113.574402  73.029787  5.151
 45     0.204 53778.51972468 19.28 113.568422  73.032647  5.151
 45     0.216 53778.51972532 20.37 113.562432  73.035497  5.151
 45     0.174 53778.51972596 19.49 113.556442  73.038357  5.151
 45     0.283 53778.51972661 19.40 113.550452  73.041207  5.151
 45     0.371 53778.51972725 18.19 113.544472  73.044067  5.151
 46    -0.177 53813.51969931 18.40 113.588254  73.037873  4.838
 46    -0.327 53813.51969995 19.31 113.582274  73.040733  4.838
 46    -0.096 53813.51970060 17.69 113.576294  73.043593  4.838
 46    -0.041 53813.51970124 17.93 113.570304  73.046443  4.838
 46     0.029 53813.51970189 18.24 113.564314  73.049303  4.838
 47    -0.482 53848.51975480 15.90 113.568406  73.022274  4.821
 47    -0.412 53848.51975544 16.60 113.562426  73.025134  4.821
 47    -0.223 53848.51975609 16.45 113.556446  73.027984  4.821
 47    -0.161 53848.51975673 16.22 113.550466  73.030844  4.821
 47    -0.411 53848.51975738 17.37 113.544476  73.033704  4.821
 47    -0.491 53848.51975802 17.84 113.538486  73.036554  4.821
 49     3.717 53918.51983655 29.85 113.571230  73.026454 25.450
 49     3.304 53918.51983719 25.13 113.565250  73.029304 25.450
 49     2.916 53918.51983784 23.96 113.559270  73.032164 25.450
 49     3.170 53918.51983848 25.73 113.553280  73.035014 25.450
 49     3.785 53918.51983913 25.63 113.547300  73.037874 25.450
 49     4.011 53918.51983977 31.79 113.541310  73.040724 25.450
 50     3.443 53953.51983907 24.62 113.570449  73.028047 23.913
 50     2.884 53953.51983971 22.46 113.564469  73.030907 23.913
 50     2.750 53953.51984036 22.33 113.558489  73.033757 23.913
 50     3.146 53953.51984100 24.51 113.552509  73.036617 23.913
 50     3.883 53953.51984165 23.83 113.546519  73.039467 23.913
 50     4.120 53953.51984229 31.27 113.540529  73.042327 23.913
 52    -0.083 54023.51981913 35.05 113.566667  73.024875 11.232
 52     0.056 54023.51981977 35.92 113.560687  73.027725 11.232
 52     0.100 54023.51982042 36.29 113.554697  73.030585 11.232
 52     0.085 54023.51982106 36.70 113.548717  73.033435 11.232
 52     0.021 54023.51982171 36.49 113.542727  73.036295 11.232
 52     0.068 54023.51982235 38.68 113.536737  73.039145 11.232
 53     0.444 54058.51981207 18.40 113.578114  73.029341  4.729
 53     0.500 54058.51981271 18.94 113.572134  73.032201  4.729
 53     0.464 54058.51981336 19.42 113.566144  73.035051  4.729
 53     0.399 54058.51981400 20.61 113.560164  73.037911  4.729
 53     0.380 54058.51981465 21.23 113.554174  73.040761  4.729
 53     0.446 54058.51981529 19.25 113.548184  73.043621  4.729
 54    -0.284 54093.51979231 12.67 113.584304  73.033887  3.464
 54    -0.170 54093.51979296 12.66 113.578324  73.036747  3.464
 54    -0.106 54093.51979360 12.71 113.572344  73.039597  3.464
 54    -0.051 54093.51979425 12.95 113.566354  73.042457  3.464
 54    -0.169 54093.51979489 12.62 113.560374  73.045307  3.464
 55    -0.210 54128.51972946 11.49 113.566308  73.022092  3.080
 55    -0.282 54128.51973010 12.00 113.560328  73.024942  3.080
 55    -0.166 54128.51973075 11.83 113.554348  73.027802  3.080
 55    -0.142 54128.51973139 11.79 113.548358  73.030652  3.080
 55     0.338 54128.51973204 11.23 113.542378  73.033512  3.080
 55     0.436 54128.51973268 10.72 113.536388  73.036362  3.080
 56    -0.248 54163.51976163 10.11 113.578397  73.029740  2.700
 56     0.245 54163.51976227 10.26 113.572417  73.032600  2.700
 56    -0.124 54163.51976292 10.25 113.566437  73.035450  2.700
 56    -0.376 54163.51976356 11.45 113.560447  73.038310  2.700
 56     0.794 54163.51976421  9.63 113.554457  73.041160  2.700
 56    -0.165 54163.51976485 10.08 113.548467  73.044020  2.700
 57    -0.040 54198.51973198  9.61 113.571371  73.023184  2.304
 57     0.138 54198.51973263  9.23 113.565391  73.026044  2.304
 57     0.071 54198.51973327  9.25 113.559411  73.028894  2.304
 57     0.623 54198.51973392  9.29 113.553431  73.031754  2.304
 57     1.000 54198.51973456  8.88 113.547438  73.034610  2.639
 57     1.486 54198.51973521  8.91 113.541448  73.037460  2.639
 58     1.663 54233.51977535  7.11 113.571072  73.027921  1.932
 58     2.876 54233.51977600  6.86 113.565092  73.030771  1.932
 58     2.930 54233.51977664  6.68 113.559112  73.033631  1.932
 58     2.725 54233.51977729  6.06 113.553122  73.036481  1.932
 58     3.687 54233.51977793  6.02 113.547132  73.039341  1.932
 58     3.001 54233.51977858  5.99 113.541146  73.042196  2.217
 59     3.754 54268.51979447 37.15 113.576073  73.029177 25.939
 59     3.722 54268.51979511 30.42 113.570093  73.032037 25.939
 59     3.080 54268.51979576 28.48 113.564113  73.034887 25.939
 59     1.640 54268.51979640 32.20 113.558123  73.037747 25.939
 59     3.843 54268.51979705 30.48 113.552143  73.040597 25.939
 59     4.283 54268.51979769 37.62 113.546145  73.043456 22.125
 60     3.296 54303.51979843 23.31 113.572071  73.030693 24.291
 60     2.760 54303.51979907 21.06 113.566081  73.033543 24.291
 60     2.924 54303.51979972 20.78 113.560101  73.036403 24.291
 60     3.493 54303.51980036 23.01 113.554111  73.039253 24.291
 60     3.894 54303.51980101 24.68 113.548121  73.042113 24.291
 61     3.282 54338.51978347 33.08 113.578685  73.031790 25.958
 61     0.920 54338.51978412 41.34 113.572705  73.034650 25.958
 61     0.712 54338.51978476 44.36 113.566725  73.037500 25.958
 61     0.779 54338.51978541 34.13 113.560735  73.040360 25.958
 61     0.843 54338.51978605 31.82 113.554755  73.043210 25.958
 62     4.107 54373.51973096 25.68 113.573140  73.025380 14.087
 62     3.483 54373.51973160 21.95 113.567160  73.028230 14.087
 62     2.888 54373.51973225 22.15 113.561180  73.031090 14.087
 62     2.991 54373.51973289 23.96 113.555190  73.033940 14.087
 62     3.375 54373.51973354 27.59 113.549210  73.036800 14.087
 62     3.911 54373.51973418 27.22 113.543220  73.039650 14.087
 63    -0.030 54408.51972869 22.78 113.576867  73.029299  5.586
 63     0.062 54408.51972933 23.64 113.570887  73.032159  5.586
 63     0.031 54408.51972997 23.72 113.564897  73.035009  5.586
 63    -0.078 54408.51973062 25.71 113.558917  73.037869  5.586
 63     0.088 54408.51973126 25.08 113.552927  73.040719  5.586
 63     0.136 54408.51973191 26.12 113.546937  73.043579  5.586
 64     0.104 54443.51969151 15.55 113.567778  73.020921  3.590
 64     0.259 54443.51969215 15.40 113.561798  73.023771  3.590
 64     0.249 54443.51969280 15.92 113.555818  73.026631  3.590
 64     0.256 54443.51969344 17.25 113.549828  73.029481  3.590
 64     0.166 54443.51969409 16.61 113.543848  73.032341  3.590
 64     0.436 54443.51969473 16.13 113.537858  73.035191  3.590
 65    -0.184 54478.51971841 12.58 113.574443  73.029821  2.694
 65    -0.042 54478.51971905 12.78 113.568463  73.032671  2.694
 65     0.081 54478.51971970 12.28 113.562483  73.035531  2.694
 65     0.901 54478.51972034 12.13 113.556493  73.038381  2.694
 65     1.057 54478.51972098 11.36 113.550503  73.041241  2.694
 65     0.531 54478.51972163 11.28 113.544513  73.044091  2.694
 66     0.139 54513.51970641 11.79 113.570898  73.021171  2.475
 66     0.226 54513.51970705 11.24 113.564918  73.024021  2.475
 66     0.170 54513.51970770 11.37 113.558938  73.026881  2.475
 66     0.099 54513.51970834 11.52 113.552948  73.029739  2.753
 66     0.402 54513.51970898 10.82 113.546968  73.032589  2.753
 66     0.703 54513.51970963 10.82 113.540978  73.035449  2.753
 66     1.478 54513.51971027  9.59 113.534988  73.038299  2.753
 67     0.333 54548.51973219  9.81 113.579709  73.031234  2.113
 67     0.597 54548.51973284  9.62 113.573729  73.034094  2.113
 67     2.066 54548.51973348  9.12 113.567739  73.036944  2.113
 67     1.438 54548.51973413  8.85 113.561754  73.039800  2.224
 67     1.500 54548.51973477  8.65 113.555774  73.042660  2.224
 67     1.944 54548.51973542  7.96 113.549784  73.045510  2.224
 68     0.098 54583.51970312  9.31 113.575506  73.027452  2.138
 68     0.413 54583.51970377  8.96 113.569526  73.030302  2.138
 68     1.939 54583.51970441  8.52 113.563548  73.033159  2.231
 68     1.483 54583.51970505  8.80 113.557558  73.036019  2.231
 68     1.365 54583.51970570  8.68 113.551568  73.038869  2.231
 68     2.318 54583.51970634  7.63 113.545578  73.041729  2.231
 69     0.680 54618.51972325 20.64 113.577197  73.027325 12.991
 69     0.594 54618.51972389 24.32 113.571217  73.030185 12.991
 69     0.906 54618.51972454 26.41 113.565237  73.033035 12.991
 69     1.186 54618.51972518 33.16 113.559252  73.035890 16.430
 69     1.182 54618.51972583 35.13 113.553262  73.038750 16.430
 69     1.333 54618.51972647 34.00 113.547272  73.041600 16.430
 70     3.641 54653.51973511 31.36 113.575472  73.028255 26.835
 70     3.376 54653.51973576 25.81 113.569492  73.031115 26.835
 70     2.836 54653.51973640 24.80 113.563512  73.033965 26.835
 70     3.053 54653.51973705 25.87 113.557523  73.036819 24.864
 70     3.468 54653.51973769 29.21 113.551533  73.039679 24.864
 70     4.021 54653.51973834 30.06 113.545553  73.042529 24.864
 71     3.730 54688.51972436 29.15 113.578686  73.031325 23.731
 71     3.167 54688.51972500 19.97 113.572706  73.034175 23.731
 71     2.741 54688.51972565 20.14 113.566726  73.037035 23.731
 71     3.029 54688.51972629 21.80 113.560736  73.039895 23.731
 71     3.525 54688.51972694 23.66 113.554756  73.042745 23.731
 72     3.919 54723.51968231 23.77 113.569442  73.021904 27.765
 72     3.518 54723.51968295 22.50 113.563462  73.024764 27.765
 72     2.963 54723.51968360 19.68 113.557482  73.027614 27.765
 72     2.627 54723.51968424 20.99 113.551498  73.030473 21.955
 72     3.367 54723.51968489 21.58 113.545508  73.033323 21.955
 72     1.102 54723.51968553 27.79 113.539518  73.036183 21.955
 73     0.291 54758.51969992 29.72 113.575709  73.029801  7.485
 73     0.214 54758.51970056 31.76 113.569729  73.032661  7.485
 73     0.050 54758.51970121 31.82 113.563749  73.035511  7.485
 73    -0.037 54758.51970185 31.41 113.557759  73.038371  7.485
 73     0.076 54758.51970250 28.67 113.551779  73.041221  7.485
 73     0.097 54758.51970314 27.49 113.545789  73.044081  7.485
 74    -0.336 54793.51967527 17.42 113.568940  73.019775  2.743
 74    -0.189 54793.51967592 16.79 113.562960  73.022625  2.743
 74    -0.059 54793.51967656 16.89 113.556980  73.025485  2.743
 74    -0.057 54793.51967721 17.69 113.551001  73.028342  3.229
 74     0.046 54793.51967785 16.99 113.545011  73.031192  3.229
 74    -0.094 54793.51967850 16.94 113.539021  73.034052  3.229
 75    -0.227 54828.51969807 13.16 113.576108  73.026868  2.637
 75     0.036 54828.51969872 12.85 113.570128  73.029728  2.637
 75     0.111 54828.51969936 12.80 113.564148  73.032588  2.637
 75     0.377 54828.51970001 12.75 113.558158  73.035438  2.637
 75     0.709 54828.51970065 12.34 113.552176  73.038289  2.521
 75     0.581 54828.51970129 12.62 113.546186  73.041149  2.521
 76     0.463 54863.51967017 15.07 113.569470  73.023661  3.134
 76     0.285 54863.51967081 16.26 113.563480  73.026511  3.134
 76     0.384 54863.51967146 15.33 113.557498  73.029363  4.453
 76     0.838 54863.51967210 15.64 113.551518  73.032223  4.453
 76     0.927 54863.51967275 22.39 113.545528  73.035073  4.453
 76     0.929 54863.51967339 17.60 113.539538  73.037933  4.453
 77    -0.028 54898.51969843 12.60 113.576228  73.030774  2.547
 77     0.559 54898.51969907 12.35 113.570248  73.033634  2.547
 77     0.766 54898.51969972 11.80 113.564258  73.036484  2.547
 77     0.958 54898.51970036 13.02 113.558271  73.039337  3.230
 77     1.000 54898.51970101 13.96 113.552291  73.042197  3.230
 78     0.365 54933.51966488  8.85 113.569918  73.025501  2.373
 78     0.148 54933.51966552  9.66 113.563938  73.028361  2.373
 78     0.592 54933.51966617  8.83 113.557948  73.031211  2.373
 78     0.801 54933.51966681  8.95 113.551962  73.034062  2.468
 78     1.236 54933.51966746  8.39 113.545982  73.036922  2.468
 78     1.383 54933.51966810  7.45 113.539992  73.039772  2.468
 79     0.116 54968.51969930  8.03 113.575448  73.028141  2.269
 79     0.269 54968.51969995  8.68 113.569468  73.030991  2.269
 79     0.707 54968.51970059  7.91 113.563488  73.033851  2.269
 79     0.966 54968.51970124  7.91 113.557498  73.036701  2.269
 79     1.508 54968.51970188  7.12 113.551513  73.039562  2.215
 79     1.246 54968.51970253  6.57 113.545523  73.042412  2.215
 80     3.805 55003.51971892 33.33 113.574456  73.027359 27.965
 80     3.604 55003.51971956 27.82 113.568476  73.030219 27.965
 80     2.703 55003.51972021 27.62 113.562496  73.033079 27.965
 80     0.845 55003.51972085 35.57 113.556506  73.035929 27.965
 80     0.831 55003.51972150 41.05 113.550527  73.038780 25.789
 80     3.932 55003.51972214 32.73 113.544537  73.041640 25.789
 81     3.722 55038.51970620 24.77 113.575474  73.029570 26.176
 81     3.143 55038.51970684 20.89 113.569484  73.032430 26.176
 81     2.618 55038.51970749 22.38 113.563504  73.035280 26.176
 81     0.913 55038.51970813 25.61 113.557518  73.038133 22.120
 81     0.839 55038.51970878 29.79 113.551528  73.040993 22.120
 81     4.002 55038.51970942 27.64 113.545538  73.043843 22.120
 82     3.372 55073.51969195 24.57 113.575982  73.033775 23.770
 82     2.763 55073.51969260 23.22 113.569992  73.036635 23.770
 82     2.294 55073.51969324 25.56 113.564012  73.039495 23.770
 82     0.974 55073.51969389 25.59 113.558022  73.042345 23.770
 82     3.803 55073.51969453 24.60 113.552039  73.045207 24.481
 83     3.835 55108.51963760 21.04 113.569972  73.023217 14.034
 83     3.234 55108.51963824 19.62 113.563992  73.026077 14.034
 83     2.819 55108.51963888 19.04 113.558012  73.028927 14.034
 83     2.571 55108.51963953 19.94 113.552022  73.031787 14.034
 83     0.993 55108.51964017 24.51 113.546042  73.034643 17.262
 83     3.819 55108.51964082 22.74 113.540052  73.037493 17.262
 84     0.140 55143.51964304 22.33 113.574416  73.030844  4.406
 84     0.116 55143.51964369 24.77 113.568426  73.033704  4.406
 84     0.016 55143.51964433 25.40 113.562446  73.036554  4.406
 84    -0.066 55143.51964498 25.23 113.556461  73.039416  4.304
 84     0.179 55143.51964562 24.60 113.550471  73.042266  4.304
 85    -0.100 55178.51961039 17.49 113.567602  73.021118  2.963
 85    -0.020 55178.51961103 17.76 113.561622  73.023968  2.963
 85    -0.043 55178.51961168 17.94 113.555638  73.026819  3.609
 85    -0.081 55178.51961232 19.90 113.549648  73.029679  3.609
 85    -0.078 55178.51961297 18.76 113.543668  73.032529  3.609
 85     0.214 55178.51961361 16.55 113.537678  73.035389  3.609
 86    -0.043 55213.51963738 16.24 113.575760  73.029329  3.155
 86     0.194 55213.51963803 16.21 113.569770  73.032179  3.155
 86     0.205 55213.51963867 16.07 113.563790  73.035039  3.155
 86     0.212 55213.51963932 16.08 113.557800  73.037889  3.155
 86     0.268 55213.51963996 16.31 113.551815  73.040749  2.865
 86     0.365 55213.51964061 14.54 113.545825  73.043599  2.865
 87    -0.120 55248.51961066 14.88 113.572575  73.024204  3.078
 87     0.055 55248.51961131 15.08 113.566595  73.027064  3.078
 87    -0.025 55248.51961195 15.47 113.560615  73.029914  3.078
 87    -0.447 55248.51961260 16.43 113.554625  73.032774  3.078
 87    -0.702 55248.51961324 17.52 113.548637  73.035630  3.070
 87     0.704 55248.51961389 15.04 113.542657  73.038480  3.070
 88    -0.087 55283.51963162 13.99 113.576276  73.031777  2.613
 88     0.242 55283.51963226 14.03 113.570296  73.034637  2.613
 88     0.357 55283.51963291 13.95 113.564316  73.037487  2.613
 88     0.748 55283.51963355 12.87 113.558330  73.040342  2.673
 88     0.659 55283.51963420 13.22 113.552340  73.043202  2.673
 89    -0.014 55318.51960186 10.71 113.573012  73.029861  2.373
 89     0.066 55318.51960250 11.03 113.567022  73.032711  2.373
 89     0.297 55318.51960315 11.07 113.561038  73.035569  2.384
 89     0.734 55318.51960379 11.13 113.555058  73.038429  2.384
 89     0.967 55318.51960444  9.66 113.549068  73.041279  2.384
 90     0.912 55353.51960433 40.54 113.575394  73.031168 28.696
 90     0.918 55353.51960498 40.80 113.569414  73.034028 28.696
 90     0.887 55353.51960562 44.51 113.563434  73.036878 28.696
 90     0.716 55353.51960627 41.17 113.557443  73.039732 26.920
 90     0.816 55353.51960691 44.34 113.551453  73.042592 26.920
 91     3.177 55388.51960096 29.71 113.568664  73.023630 26.575
 91     3.235 55388.51960161 23.36 113.562684  73.026490 26.575
 91     2.675 55388.51960225 23.00 113.556704  73.029340 26.575
 91     2.044 55388.51960290 22.76 113.550719  73.032199 23.496
 91     3.684 55388.51960354 23.81 113.544729  73.035049 23.496
 91     4.086 55388.51960419 25.01 113.538739  73.037899 23.496
 92    -0.045 55423.51962151 46.66 113.577020  73.028988 34.075
 92    -0.119 55423.51962216 36.14 113.571040  73.031838 34.075
 92     2.236 55423.51962280 22.78 113.565060  73.034698 34.075
 92     0.724 55423.51962345 28.96 113.559070  73.037548 34.075
 92    -0.064 55423.51962409 39.74 113.553080  73.040408 34.075
 92     0.018 55423.51962474 33.81 113.547090  73.043258 34.075
 93     3.429 55458.51959386 25.95 113.578642  73.033880 23.544
 93     2.989 55458.51959451 20.86 113.572662  73.036730 23.544
 93     2.826 55458.51959515 20.25 113.566672  73.039590 23.544
 93     3.145 55458.51959580 20.73 113.560692  73.042450 23.544
 93     3.525 55458.51959644 22.23 113.554702  73.045300 23.544
