# NaN NaN NaN ;Mean Elev.(m), Avg Gradient(m/km), RMS Gradient(m/km) - SRTM1     
#    9.385  -2.945  10.373 ;Mean Elev.(m), Avg Gradient(m/km), RMS Gradient(m/km) - ASTER GDEM
#    3.453  -2.831  12.184 ;Mean Elev.(m), Avg Gradient(m/km), RMS Gradient(m/km) - GMTED2010 
  7 113.699756  72.615744     1.178     1.178  2 52467.52166601 27.920
  8 113.706478  72.616287     1.317     1.317  2 52502.52165662 31.334
 11 113.712579  72.615151     3.359     3.359  2 52607.52163729 16.382
 13 113.714249  72.615386     5.743     5.743  2 52677.52162034 13.943
 20 113.714532  72.615939     0.761     0.811  3 52922.52173813 36.105
 22 113.697575  72.615221     3.954     3.954  2 52992.52172679 13.966
 23 113.719689  72.616905     4.568     4.568  2 53027.52169192 11.841
 25 113.709904  72.616029     4.959     4.959  2 53097.52172192 10.187
 29 113.716012  72.617168     4.274     4.274  2 53237.52174385 22.958
 32 113.706372  72.616735     5.684     5.684  2 53342.52173145 15.489
 34 113.703265  72.615442     6.155     6.155  2 53412.52170701 12.844
 39 113.713377  72.616191     2.848     2.848  2 53587.52175255 48.228
 42 113.707875  72.615098     2.175     2.175  2 53692.52173222 14.987
 43 113.725053  72.616807     2.793     2.793  2 53727.52165545 15.857
 45 113.717193  72.616725     3.729     3.729  2 53797.52162240 11.883
 48 113.697210  72.615197     7.177     7.177  2 53902.52171241 46.581
 50 113.708643  72.615727     2.222     2.222  2 53972.52171342 26.417
 53 113.708915  72.616250     2.470     2.470  2 54077.52171814 15.154
 54 113.726125  72.615650     3.215     3.215  2 54112.52165688 12.821
 56 113.721333  72.616405     3.111     3.111  2 54182.52164527  9.005
 59 113.706652  72.615092     1.199     1.199  2 54287.52170012 24.406
 61 113.721550  72.616603     1.202     1.202  2 54357.52165554 50.490
 63 113.710543  72.615816     3.197     3.197  2 54427.52160580 15.121
 67 113.723396  72.614891     6.259     6.259  2 54567.52161850  8.430
 69 113.701551  72.615564     4.225     4.225  2 54637.52163567 43.181
 71 113.716472  72.615263     2.248     2.248  2 54707.52159789 26.418
 73 113.707503  72.616809     2.062     2.062  2 54777.52157989 15.647
 75 113.711809  72.615614     1.406     1.406  2 54847.52157978 28.814
 77 113.718033  72.616310     2.342     2.342  2 54917.52158251 10.848
 80 113.707342  72.615596     0.994     0.994  2 55022.52161139 52.444
 81 113.706276  72.615401     4.976     4.976  2 55057.52160743 20.069
 82 113.720510  72.614848     1.456     1.456  2 55092.52156279 25.924
 86 113.715427  72.615868     0.605     0.605  2 55232.52152845 16.680
 88 113.721201  72.616024     1.598     1.598  2 55302.52150874 13.210
 89 113.703602  72.615452     2.521     2.521  2 55337.52150755 46.641
 92 113.704865  72.616623     1.978     1.978  2 55442.52151663 26.917
 93 113.722563  72.616865     0.156     0.156  2 55477.52145648 34.161
