# NaN NaN NaN ;Mean Elev.(m), Avg Gradient(m/km), RMS Gradient(m/km) - SRTM1     
#   13.551  -0.428   3.468 ;Mean Elev.(m), Avg Gradient(m/km), RMS Gradient(m/km) - ASTER GDEM
#    1.038  -0.947   5.706 ;Mean Elev.(m), Avg Gradient(m/km), RMS Gradient(m/km) - GMTED2010 
  7     7.193 52467.52171597 20.26 113.251222  72.838336 13.641
  7     4.273 52467.52171855 20.65 113.227782  72.849806 13.641
  8     7.625 52502.52170723 21.95 113.252169  72.841775 19.506
  8     6.890 52502.52170916 20.89 113.234589  72.850365 19.506
  8     5.948 52502.52170981 19.39 113.228720  72.853230  5.360
 11     3.587 52607.52168790 16.00 113.258340  72.840629  2.828
 11     3.405 52607.52168854 17.17 113.252480  72.843499  2.828
 11     0.026 52607.52169047 17.61 113.234898  72.852093  3.143
 11     0.192 52607.52169112 16.99 113.229028  72.854963  3.143
 13    -0.105 52677.52167159 15.93 113.254164  72.843741  3.022
 13     0.026 52677.52167352 15.94 113.236575  72.852337  3.332
 13    -0.130 52677.52167417 16.15 113.230715  72.855207  3.332
 15     6.529 52747.52173096 10.72 113.252931  72.839290  2.924
 15     4.121 52747.52173354 11.32 113.229491  72.850750  2.924
 15     3.368 52747.52173418 11.26 113.223631  72.853620  2.924
 20     5.418 52922.52178906 35.43 113.257404  72.842870 10.647
 20     0.942 52922.52178970 37.41 113.251544  72.845730 10.647
 20     0.803 52922.52179164 39.89 113.233964  72.854330 10.647
 20     0.765 52922.52179228 37.71 113.228094  72.857200 10.647
 23     5.864 53027.52174317 11.00 113.259592  72.845264  3.011
 23     5.582 53027.52174382 11.22 113.253732  72.848134  3.011
 23     4.045 53027.52174511 11.86 113.242012  72.853864  3.011
 23     3.175 53027.52174575 10.33 113.236142  72.856734  3.011
 23     1.637 53027.52174640 10.25 113.230272  72.859594  3.011
 24     5.735 53062.52175075  9.87 113.253009  72.837657  2.805
 24     4.327 53062.52175333  9.60 113.229559  72.849117  2.805
 24     3.503 53062.52175398  9.94 113.223689  72.851987  2.805
 25     6.617 53097.52177253  9.41 113.255718  72.841526  2.222
 25     3.977 53097.52177511  9.36 113.232273  72.852991  2.578
 25     3.071 53097.52177575  9.14 113.226403  72.855861  2.578
 29     6.440 53237.52179445 31.27 113.261714  72.842656 13.879
 29     6.328 53237.52179510 26.20 113.255854  72.845516 13.879
 29    -0.081 53237.52179703 23.72 113.238264  72.854116 13.879
 29    -0.025 53237.52179768 28.45 113.232394  72.856986 13.879
 32     5.037 53342.52178206 14.57 113.252041  72.842215  2.541
 32     2.382 53342.52178399 15.05 113.234461  72.850815  2.930
 32     2.265 53342.52178463 14.60 113.228591  72.853675  2.930
 34     0.619 53412.52175955 16.63 113.231279  72.849496  3.718
 34     0.472 53412.52176020 16.11 113.225409  72.852356  3.718
 37     1.190 53517.52182969 26.12 113.252179  72.839871  5.429
 37     0.778 53517.52183226 30.53 113.228730  72.851336 14.901
 38     7.401 53552.52185014 20.79 113.251772  72.836348 29.611
 38     5.981 53552.52185337 20.99 113.222472  72.850682  8.677
 39     1.237 53587.52180316 49.14 113.259091  72.841674 31.376
 39     1.288 53587.52180380 52.74 113.253231  72.844544 31.376
 39     1.292 53587.52180574 52.19 113.235645  72.853143 14.055
 39     1.349 53587.52180638 52.16 113.229775  72.856003 14.055
 42    -0.360 53692.52178283 18.90 113.253618  72.840577  2.981
 42    -0.180 53692.52178541 19.09 113.230170  72.852045  3.570
 43     5.006 53727.52170734 18.37 113.259215  72.848056  2.722
 43     3.403 53727.52170799 19.13 113.253355  72.850926  2.722
 43    -0.077 53727.52170863 20.65 113.247494  72.853789  3.834
 43     1.919 53727.52170928 19.00 113.241634  72.856659  3.834
 43     0.195 53727.52170992 19.56 113.235764  72.859519  3.834
 45     5.420 53797.52167365 14.19 113.257091  72.845087  2.244
 45     3.478 53797.52167430 14.30 113.251234  72.847951  3.238
 45     3.400 53797.52167559 14.49 113.239504  72.853681  3.238
 45     1.805 53797.52167623 13.97 113.233644  72.856551  3.238
 50     0.620 53972.52176403 45.32 113.254403  72.841222 25.470
 50     0.514 53972.52176661 27.54 113.230963  72.852692 25.470
 53     2.385 54077.52176874 14.27 113.254626  72.841729  3.145
 53     0.003 54077.52177132 15.70 113.231176  72.853189  3.145
 54     5.581 54112.52170878 11.91 113.260374  72.846905  2.637
 54     3.790 54112.52170942 13.17 113.254514  72.849765  2.637
 54     3.188 54112.52171007 13.24 113.248654  72.852635  2.637
 54     0.099 54112.52171071 13.42 113.242784  72.855505  2.637
 54     1.601 54112.52171136 12.83 113.236924  72.858365  2.637
 56     5.211 54182.52169652  8.95 113.261358  72.844777  2.698
 56     4.605 54182.52169717  9.19 113.255498  72.847647  2.698
 56     2.024 54182.52169846  9.31 113.243778  72.853377  2.698
 56    -0.032 54182.52169910  9.60 113.237908  72.856247  2.698
 56     0.423 54182.52169974  9.12 113.232048  72.859117  2.698
 59     6.497 54287.52175072 20.62 113.252324  72.840566 16.327
 59     6.234 54287.52175330 18.41 113.228874  72.852026 16.327
 60     7.472 54322.52174781 21.40 113.251184  72.839611 16.245
 60     0.787 54322.52175039 28.71 113.227734  72.851071 16.245
 61     0.527 54357.52170679 51.62 113.261538  72.844978 26.286
 61     0.678 54357.52170744 48.45 113.255678  72.847848 26.286
 61     0.708 54357.52170872 51.98 113.243958  72.853578 26.286
 61     0.586 54357.52170937 52.86 113.238088  72.856448 26.286
 61     0.644 54357.52171001 51.92 113.232228  72.859318 26.286
 63     5.737 54427.52165640 15.89 113.256261  72.841300  2.597
 63     4.897 54427.52165705 17.23 113.250409  72.844165  4.320
 63     0.048 54427.52165898 20.28 113.232819  72.852765  4.320
 63     0.070 54427.52165963 18.89 113.226949  72.855625  4.320
 67     5.879 54567.52167039  9.17 113.257596  72.846143  3.124
 67     5.645 54567.52167104  9.26 113.251736  72.849003  3.124
 67     4.471 54567.52167233  9.83 113.240016  72.854733  3.124
 67     0.548 54567.52167297 10.79 113.234146  72.857603  3.124
 69     2.492 54637.52168564 52.30 113.253048  72.838168 17.618
 69     2.407 54637.52168821 51.79 113.229608  72.849628 17.618
 69     2.462 54637.52168886 52.00 113.223738  72.852498 17.618
 70     7.178 54672.52168923 18.94 113.251834  72.839668  9.661
 70     3.965 54672.52169181 19.47 113.228394  72.851128  9.661
 71     6.223 54707.52164914 24.69 113.256405  72.843623  9.148
 71     0.880 54707.52165107 28.51 113.238825  72.852223  9.148
 71     3.250 54707.52165172 19.54 113.232965  72.855083  9.148
 73     4.675 54777.52163049 17.08 113.253167  72.842275  3.427
 73    -0.001 54777.52163243 18.06 113.235587  72.850875  3.427
 73     1.004 54777.52163307 17.24 113.229717  72.853735  3.427
 75     0.611 54847.52163039 22.77 113.257557  72.841101 11.680
 75     0.659 54847.52163103 22.19 113.251697  72.843971 11.680
 75     0.508 54847.52163296 25.07 113.234117  72.852571 11.680
 75     0.438 54847.52163361 24.75 113.228247  72.855431 11.680
 77     0.995 54917.52163376 12.12 113.258035  72.844687  5.247
 77     0.884 54917.52163441 16.55 113.252175  72.847547  5.247
 77     0.779 54917.52163570 15.23 113.240455  72.853277  5.247
 77     0.710 54917.52163634 13.71 113.234595  72.856147  5.247
 80     7.177 55022.52166199 23.46 113.253023  72.841066 11.792
 80     0.315 55022.52166457 29.63 113.229573  72.852536 11.792
 81     7.321 55057.52165803 19.74 113.251944  72.840885 11.913
 81    -0.341 55057.52166061 25.81 113.228494  72.852345 11.913
 82     0.786 55092.52161405 50.23 113.260547  72.843219 20.218
 82     0.917 55092.52161469 53.13 113.254687  72.846089 20.218
 82     0.855 55092.52161662 52.47 113.237097  72.854689 20.218
 82     0.853 55092.52161727 52.15 113.231237  72.857549 20.218
 84    -0.244 55162.52157501 19.62 113.256779  72.839849  4.179
 84    -0.358 55162.52157565 19.90 113.250919  72.842709  4.179
 84    -0.035 55162.52157758 20.35 113.233339  72.851309  4.179
 84    -0.131 55162.52157823 20.14 113.227479  72.854179  4.179
 86     0.227 55232.52157970 15.76 113.255388  72.844235  4.553
 86     0.083 55232.52158163 18.53 113.237808  72.852825  4.553
 86     0.163 55232.52158228 16.78 113.231938  72.855695  4.553
 88     0.402 55302.52155999 15.72 113.261189  72.844394  5.220
 88     0.450 55302.52156063 16.42 113.255329  72.847264  5.220
 88     0.364 55302.52156192 17.62 113.243609  72.852994  5.220
 88     0.203 55302.52156257 17.61 113.237749  72.855864  5.220
 88     0.252 55302.52156321 16.47 113.231879  72.858734  5.220
 89     0.993 55337.52156009 33.11 113.231657  72.849524 19.088
 89     1.393 55337.52156074 37.77 113.225787  72.852394 19.088
 90     6.729 55372.52154791 31.10 113.253742  72.840082  9.144
 90     6.252 55372.52155048 23.45 113.230302  72.851542  9.144
 90     3.235 55372.52155113 22.15 113.224432  72.854412  9.144
 91     7.219 55407.52156760 23.76 113.251242  72.836040 12.421
 91     0.322 55407.52157083 26.78 113.221932  72.850370 12.421
 92     6.427 55442.52156724 23.26 113.250484  72.842103 11.459
 92     3.363 55442.52156917 26.45 113.232904  72.850703 11.459
 92     0.447 55442.52156982 24.87 113.227034  72.853563 11.459
 93     0.507 55477.52150773 30.65 113.262561  72.845242 13.711
 93     0.416 55477.52150838 36.01 113.256701  72.848102 13.711
 93     0.410 55477.52150902 37.93 113.250841  72.850972 13.711
 93     0.384 55477.52150967 36.84 113.244981  72.853832 13.711
 93     0.474 55477.52151031 33.22 113.239121  72.856702 13.711
 93     0.521 55477.52151096 45.48 113.233251  72.859572 13.711
