# NaN NaN NaN ;Mean Elev.(m), Avg Gradient(m/km), RMS Gradient(m/km) - SRTM1     
#    9.385  -2.945  10.373 ;Mean Elev.(m), Avg Gradient(m/km), RMS Gradient(m/km) - ASTER GDEM
#    3.453  -2.831  12.184 ;Mean Elev.(m), Avg Gradient(m/km), RMS Gradient(m/km) - GMTED2010 
  7     1.471 52467.52166569 27.10 113.702616  72.614304 19.241
  7     0.885 52467.52166633 28.61 113.696896  72.617184 19.241
  8     1.514 52502.52165630 32.56 113.709333  72.614847 14.867
  8     1.120 52502.52165694 29.62 113.703623  72.617727 14.867
 11     2.645 52607.52163697 16.24 113.715439  72.613711  3.667
 11     4.072 52607.52163761 16.52 113.709719  72.616591  3.667
 13     5.819 52677.52162001 13.60 113.717109  72.613946  3.296
 13     5.666 52677.52162066 14.26 113.711389  72.616826  3.296
 20     0.811 52922.52173748 36.09 113.720252  72.613059 10.356
 20     0.850 52922.52173813 37.06 113.714532  72.615939 10.356
 20     0.624 52922.52173877 34.90 113.708812  72.618819 10.356
 22     3.837 52992.52172647 13.52 113.700435  72.613781  3.816
 22     4.072 52992.52172712 14.37 113.694715  72.616661  3.816
 23     3.840 53027.52169160 12.06 113.722549  72.615465  2.801
 23     5.295 53027.52169224 11.61 113.716829  72.618345  2.801
 25     4.558 53097.52172160 10.32 113.712765  72.614589  3.064
 25     5.359 53097.52172224 10.05 113.707044  72.617469  2.237
 29     7.629 53237.52174352 21.62 113.718867  72.615728 23.299
 29     0.918 53237.52174417 23.98 113.713157  72.618608 23.299
 32     5.898 53342.52173113 15.01 113.709230  72.615297  2.979
 32     5.471 53342.52173177 15.92 113.703514  72.618173  2.702
 34     6.468 53412.52170669 11.41 113.706123  72.614001  3.475
 34     5.843 53412.52170733 13.92 113.700408  72.616883  2.870
 39     3.093 53587.52175223 42.90 113.716237  72.614751 21.334
 39     2.603 53587.52175287 50.55 113.710517  72.617631 21.334
 42     2.912 53692.52173190 14.53 113.710735  72.613658  3.012
 42     1.437 53692.52173254 15.40 113.705015  72.616538  3.012
 43     3.562 53727.52165512 15.61 113.727908  72.615367  4.086
 43     2.025 53727.52165577 16.09 113.722198  72.618247  4.086
 45     3.763 53797.52162208 11.53 113.720050  72.615285  3.246
 45     3.695 53797.52162272 12.21 113.714336  72.618164  2.259
 48     7.269 53902.52171209 46.08 113.700065  72.613757 19.597
 48     7.085 53902.52171274 47.03 113.694355  72.616637 19.597
 50     2.209 53972.52171310 25.77 113.711503  72.614287 29.187
 50     2.234 53972.52171374 26.98 113.705783  72.617167 29.187
 53     2.721 54077.52171781 14.97 113.711775  72.614810  4.370
 53     2.219 54077.52171846 15.33 113.706055  72.617690  4.370
 54     3.839 54112.52165656 12.59 113.728985  72.614210  3.839
 54     2.590 54112.52165720 13.04 113.723265  72.617090  3.839
 56     3.315 54182.52164495  9.02 113.724188  72.614965  2.854
 56     2.906 54182.52164559  8.99 113.718478  72.617845  2.854
 59     1.266 54287.52169980 25.05 113.709512  72.613652 24.739
 59     1.132 54287.52170044 23.65 113.703792  72.616532 24.739
 61     1.255 54357.52165522 49.40 113.724405  72.615163 30.529
 61     1.149 54357.52165586 51.36 113.718695  72.618043 30.529
 63     2.925 54427.52160547 14.67 113.713398  72.614376  3.034
 63     3.470 54427.52160612 15.53 113.707688  72.617256  3.034
 67     6.600 54567.52161817  8.39 113.726251  72.613456  2.135
 67     5.918 54567.52161882  8.47 113.720541  72.616326  2.135
 69     4.309 54637.52163535 41.17 113.704411  72.614124 22.088
 69     4.141 54637.52163600 44.55 113.698691  72.617004 22.088
 71     2.220 54707.52159757 27.69 113.719327  72.613823 21.604
 71     2.277 54707.52159821 24.61 113.713617  72.616703 21.604
 73     2.555 54777.52157956 15.31 113.710363  72.615374  3.370
 73     1.569 54777.52158021 15.96 113.704643  72.618244  3.370
 75     1.287 54847.52157946 31.22 113.714669  72.614179  8.137
 75     1.525 54847.52158010 22.96 113.708949  72.617049  8.137
 77     2.334 54917.52158219 11.00 113.720893  72.614870  3.100
 77     2.350 54917.52158283 10.69 113.715173  72.617750  3.100
 80     1.315 55022.52161106 49.45 113.710202  72.614156 30.754
 80     0.672 55022.52161171 54.20 113.704482  72.617036 30.754
 81     8.444 55057.52160710 19.70 113.709136  72.613961 22.075
 81     1.507 55057.52160775 20.41 113.703416  72.616841 22.075
 82     1.637 55092.52156247 25.63 113.723365  72.613408 22.660
 82     1.274 55092.52156312 26.20 113.717655  72.616288 22.660
 86     0.550 55232.52152812 16.47 113.718282  72.614428  4.407
 86     0.661 55232.52152877 16.88 113.712572  72.617308  4.407
 88     1.473 55302.52150841 13.17 113.724061  72.614584  3.340
 88     1.723 55302.52150906 13.25 113.718341  72.617464  3.340
 89     1.123 55337.52150723 49.60 113.706462  72.614012 15.026
 89     3.919 55337.52150787 30.38 113.700742  72.616892 15.026
 92     2.019 55442.52151631 24.92 113.707725  72.615183 18.342
 92     1.937 55442.52151696 28.28 113.702005  72.618063 18.342
 93     0.254 55477.52145616 32.65 113.725423  72.615425  8.123
 93     0.057 55477.52145680 35.28 113.719703  72.618305  8.123
