 -88908.791    12.098     0.00    2.60
 -88529.442    13.656     4.11    2.73
 -88150.201    14.641     2.60    2.04
 -87771.067    15.272     1.66    2.62
 -87392.039    16.481     3.19    2.82
 -87013.118    18.922     6.44    5.01
 -86634.303    22.399     9.18    7.01
 -86255.595    27.253    12.82    7.33
 -85876.993    30.373     8.24    5.31
 -85498.498    31.571     3.17    4.87
 -85120.108    29.743    -4.83    5.75
 -84741.825    28.223    -4.02    5.16
 -84363.647    27.972    -0.66    3.28
 -83985.576    29.969     5.28    4.76
 -83607.610    32.463     6.60    6.08
 -83229.750    35.623     8.36    7.04
 -82851.996    36.384     2.02    6.58
 -82474.347    34.417    -5.21    7.26
 -82096.804    32.002    -6.40    6.56
 -81719.366    29.420    -6.84    4.72
 -81342.033    28.923    -1.32    5.22
 -80964.806    30.508     4.20    6.14
 -80587.684    33.434     7.76    5.85
 -80210.666    36.033     6.89    6.41
 -79833.754    39.772     9.92    7.93
 -79456.946    44.713    13.11    7.35
 -79080.243    49.496    12.70    7.82
 -78703.645    54.275    12.69    8.93
 -78327.151    57.138     7.60    9.26
 -77950.762    57.354     0.58   10.23
 -77574.477    53.685    -9.75   11.04
 -77198.296    48.931   -12.64    9.04
 -76822.220    46.441    -6.62    7.13
 -76446.248    46.071    -0.98    7.00
 -76070.380    53.370    19.42   15.13
 -75694.616    64.787    30.38   19.50
 -75318.955    75.197    27.71   15.54
 -74943.399    78.437     8.63   10.71
 -74567.946    76.169    -6.04   10.65
 -74192.596    72.428    -9.97    8.72
 -73817.351    73.404     2.60    7.93
 -73442.208    74.817     3.77    8.60
 -73067.169    70.999   -10.18   13.45
 -72692.233    60.381   -28.32   18.30
 -72317.401    46.591   -36.79   16.21
 -71942.671    37.160   -25.17    9.84
 -71568.045    34.764    -6.40    8.28
 -71193.521    39.637    13.01   10.60
 -70819.100    47.060    19.82    8.56
 -70444.782    51.005    10.54    6.43
 -70070.567    52.637     4.36    4.73
 -69696.454    50.388    -6.01    5.57
 -69322.444    46.557   -10.24    6.84
 -68948.536    42.569   -10.67    7.30
 -68574.730    38.347   -11.30    8.60
 -68201.027    33.451   -13.10   10.03
 -67827.426    28.847   -12.32    9.37
 -67453.926    23.635   -13.95    7.27
 -67080.529    20.278    -8.99    4.60
 -66707.234    18.681    -4.28    4.10
 -66334.040    17.356    -3.55    3.48
 -65960.948    16.344    -2.71    3.92
 -65587.958    14.915    -3.83    4.32
 -65215.070    13.833    -2.90    4.32
 -64842.282    14.362     1.42    6.84
 -64469.597    17.095     7.33    8.92
 -64097.012    18.769     4.49   10.18
 -63724.529    17.317    -3.90   10.45
 -63352.147    14.990    -6.25    9.17
 -62979.866    12.495    -6.70    6.08
 -62607.686    14.050     4.18    6.13
 -62235.606    16.787     7.36    7.02
 -61863.628    19.747     7.96    5.75
 -61491.750    18.954    -2.13    5.79
 -61119.973    19.109     0.42    5.86
 -60748.297    19.809     1.88    5.56
 -60376.721    20.123     0.84    4.91
 -60005.245    20.577     1.22    4.65
 -59633.870    17.120    -9.31    5.52
 -59262.595    14.961    -5.82    4.38
 -58891.420    16.006     2.82    5.37
 -58520.345    17.156     3.10    5.72
 -58149.370    18.449     3.49    4.92
 -57778.495    18.027    -1.14    4.10
 -57407.719    17.507    -1.40    4.61
 -57037.044    20.476     8.01    6.33
 -56666.468    26.519    16.31    8.80
 -56295.992    33.279    18.25    9.19
 -55925.615    37.194    10.57    7.06
 -55555.337    38.105     2.46    6.72
 -55185.159    35.885    -6.00    7.06
 -54815.081    34.405    -4.00    5.56
 -54445.101    36.809     6.50    6.66
 -54075.220    40.900    11.06    7.92
 -53705.439    44.448     9.60    7.12
 -53335.756    44.817     1.00    6.40
 -52966.172    42.138    -7.25    6.36
 -52596.687    37.671   -12.09    7.08
 -52227.301    32.262   -14.64    7.62
 -51858.013    29.600    -7.21    7.10
 -51488.824    29.266    -0.91    7.34
 -51119.733    29.911     1.75    7.19
 -50750.740    28.825    -2.94    7.50
 -50381.846    25.494    -9.03    9.17
 -50013.050    19.194   -17.08    9.37
 -49644.352    12.916   -17.03    9.36
 -49275.752     7.677   -14.21    8.39
 -48907.250     3.709   -10.77    7.37
 -48538.846     0.764    -7.99    4.95
 -48170.540    -0.791    -4.22    1.78
 -47802.332    -1.183    -1.07    0.00
 -47434.221    -1.183     0.00    0.00
 -47066.207    -1.183     0.00    0.00
 -46698.292    -0.698     1.32    1.87
 -46330.473     0.554     3.40    3.47
 -45962.752     2.404     5.03    4.60
 -45595.128     4.248     5.01    5.01
 -45227.602     6.060     4.93    4.78
 -44860.172     7.386     3.61    3.85
 -44492.840     8.025     1.74    2.03
 -44125.604     8.787     2.08    1.70
 -43758.465     9.389     1.64    1.68
 -43391.423     9.917     1.44    1.81
 -43024.478    10.597     1.85    1.55
 -42657.630    10.677     0.22    1.41
 -42290.878    10.186    -1.34    1.30
 -41924.222     9.648    -1.47    1.48
 -41557.663     9.583    -0.18    1.46
 -41191.200     9.186    -1.08    1.52
 -40824.833     8.666    -1.42    1.70
 -40458.563     8.206    -1.25    2.03
 -40092.388     7.709    -1.36    2.20
 -39726.310     6.771    -2.56    2.78
 -39360.328     5.673    -3.00    2.86
 -38994.441     5.216    -1.25    2.57
 -38628.650     5.260     0.12    2.78
 -38262.955     6.605     3.68    3.05
 -37897.356     8.631     5.54    2.69
 -37531.852    10.175     4.23    2.64
 -37166.443    10.848     1.84    2.38
 -36801.130    10.963     0.32    2.48
 -36435.913    11.471     1.39    3.06
 -36070.790    12.686     3.33    4.90
 -35705.763    15.250     7.02    6.36
 -35340.831    18.113     7.84    5.93
 -34975.994    19.445     3.65    5.80
 -34611.251    19.443    -0.01    6.22
 -34246.604    18.449    -2.73    5.81
 -33882.051    17.995    -1.24    4.65
 -33517.593    17.607    -1.06    2.94
 -33153.230    15.733    -5.15    4.27
 -32788.962    12.802    -8.05    6.54
 -32424.787     7.922   -13.40    6.58
 -32060.708     4.397    -9.68    5.91
 -31696.722     2.025    -6.52    4.61
 -31332.831     2.611     1.61    6.36
 -30969.034     9.863    19.94   12.17
 -30605.332    14.802    13.58   12.01
 -30241.723    18.118     9.12    9.11
 -29878.208    18.809     1.90    5.85
 -29514.787    16.321    -6.85    3.76
 -29151.460    14.567    -4.83    4.05
 -28788.227    13.755    -2.24    4.96
 -28425.087    13.128    -1.73    4.95
 -28062.041    11.941    -3.27    4.11
 -27682.156    12.499     1.47    4.23
 -27299.131    12.948     1.17    4.46
 -26916.214    13.817     2.27    4.70
 -26533.406    14.971     3.01    4.67
 -26150.705    16.135     3.04    4.89
 -25768.112    16.925     2.07    4.60
 -25385.627    16.957     0.08    4.63
 -25003.249    15.309    -4.31    4.76
 -24620.980    14.252    -2.77    5.45
 -24238.817    11.131    -8.17    5.87
 -23856.762     7.756    -8.83    4.84
 -23474.815     5.849    -4.99    3.95
 -23092.974     4.700    -3.01    2.01
 -22711.241     4.970     0.71    2.99
 -22329.615     4.907    -0.17    3.25
 -21948.095     5.872     2.53    3.15
 -21566.683     6.933     2.78    3.65
 -21185.377     7.871     2.46    3.35
 -20804.179     8.127     0.67    2.82
 -20423.086     6.617    -3.96    2.69
 -20042.100     4.625    -5.23    2.64
 -19661.221     3.397    -3.23    2.52
 -19280.448     2.306    -2.87    1.83
 -18899.781     2.825     1.36    2.65
 -18519.221     3.857     2.71    3.05
 -18138.766     4.809     2.50    2.57
 -17758.417     6.004     3.14    2.59
 -17378.175     8.026     5.32    3.47
 -16998.038     9.360     3.51    3.15
 -16618.006     9.737     0.99    3.34
 -16238.081     7.887    -4.87    4.29
 -15858.261     5.233    -6.99    3.59
 -15478.546     2.956    -6.00    2.15
 -15098.937     2.329    -1.65    1.79
 -14719.433     2.105    -0.59    1.66
 -14340.034     2.282     0.47    1.79
 -13960.740     2.898     1.62    2.09
 -13581.551     3.197     0.79    1.96
 -13202.468     3.220     0.06    1.96
 -12823.489     2.549    -1.77    1.70
 -12444.614     2.484    -0.17    1.88
 -12065.845     2.736     0.67    2.35
 -11687.180     3.569     2.20    2.48
 -11308.619     4.177     1.60    2.41
 -10930.163     5.495     3.48    2.82
 -10551.811     6.786     3.41    3.18
 -10173.564     7.524     1.95    3.10
  -9795.420     8.197     1.78    2.59
  -9417.381     7.778    -1.11    2.55
  -9039.445     6.793    -2.61    2.90
  -8661.614     5.902    -2.36    2.85
  -8283.886     4.873    -2.73    2.56
  -7906.262     3.654    -3.23    1.54
  -7528.741     3.294    -0.95    1.34
  -7151.324     2.925    -0.98    1.01
  -6774.011     2.840    -0.23    0.94
  -6396.801     3.505     1.76    1.86
  -6019.694     4.285     2.07    2.06
  -5642.690     4.386     0.27    2.03
  -5265.790     4.003    -1.02    2.09
  -4888.992     3.137    -2.30    1.51
  -4512.298     2.770    -0.98    1.12
  -4135.706     3.214     1.18    1.55
  -3759.217     3.588     0.99    1.92
  -3382.830     3.600     0.03    1.94
  -3006.547     3.094    -1.35    1.91
  -2630.366     2.670    -1.13    1.72
  -2254.287     2.511    -0.42    1.57
  -1878.310     2.957     1.19    2.34
  -1502.436     3.938     2.61    3.57
  -1126.664     4.137     0.53    4.21
   -750.994     3.479    -1.75    4.43
   -375.427     2.776    -1.87    4.52
      0.039     1.244    -4.08    2.89
    375.403     0.849    -1.05    1.89
    750.666     1.494     1.72    2.55
   1125.826     2.387     2.38    2.91
   1500.885     3.281     2.38    2.84
   1875.843     3.639     0.96    2.45
   2250.699     3.692     0.14    2.00
   2625.454     3.744     0.14    1.66
   3000.107     3.941     0.53    1.85
   3374.660     4.329     1.04    2.26
   3749.111     4.114    -0.57    2.26
   4123.461     3.546    -1.52    2.37
   4497.710     2.675    -2.33    1.98
   4871.859     1.941    -1.96    0.96
   5245.907     2.098     0.42    1.18
   5619.853     3.137     2.78    2.29
   5993.700     4.348     3.24    3.15
   6367.446     5.849     4.02    3.84
   6741.091     8.241     6.40    5.12
   7114.636    11.559     8.88    6.35
   7488.081    13.692     5.71    5.89
   7861.425    13.762     0.19    5.90
   8234.670    13.216    -1.47    6.27
   8607.814    12.065    -3.08    6.50
   8980.859    12.298     0.62    6.28
   9353.803    12.180    -0.32    5.78
   9726.648    11.247    -2.50    5.14
  10099.393     9.182    -5.54    5.16
  10472.039     6.534    -7.11    4.42
  10844.584     4.653    -5.05    3.09
  11217.031     3.567    -2.92    1.51
  11589.378     3.241    -0.88    1.11
  11961.626     3.081    -0.43    0.96
  12333.774     3.169     0.24    1.25
  12705.823     3.707     1.45    1.53
  13077.774     4.786     2.90    1.83
  13449.625     5.926     3.07    1.89
  13821.377     6.871     2.54    2.25
  14193.031     7.528     1.77    2.92
  14564.585     8.536     2.71    3.96
  14936.042     9.278     2.00    3.88
  15307.399    10.404     3.03    3.88
  15678.658    11.516     2.99    3.86
  16049.818    11.112    -1.09    4.49
  16420.881     9.403    -4.61    6.12
  16791.845     6.114    -8.86    6.61
  17162.710     2.583    -9.52    4.07
  17533.478     0.817    -4.76    0.00
  17904.147     0.817     0.00    0.00
  18274.719     0.817     0.00    0.00
  18645.193     0.817     0.00    0.00
  19015.568     0.817     0.00    0.00
  19385.847     0.841     0.06    0.27
  19756.027     4.129     8.88    8.47
  20126.110    11.171    19.03   13.50
  20496.095    19.866    23.50   14.54
  20865.983    28.951    24.56   10.96
  21235.774    34.220    14.25    5.21
  21605.467    36.909     7.27    4.09
  21975.063    39.266     6.38    4.69
  22344.563    41.841     6.97    5.45
  22713.965    44.850     8.15    5.46
  23083.270    47.763     7.89    3.62
  23452.478    49.113     3.66    3.45
  23821.589    49.284     0.46    4.71
  24190.604    48.841    -1.20    5.41
  24559.522    48.521    -0.87    5.85
  24928.343    49.468     2.57    6.51
  25297.068    52.356     7.83    7.65
  25665.697    57.150    13.01    6.97
  26034.229    61.531    11.89    4.97
  26402.665    63.825     6.22    4.81
  26771.005    64.246     1.14    6.88
  27139.249    62.028    -6.02    8.35
  27507.396    58.927    -8.42    7.98
  27875.448    54.150   -12.98    6.54
  28243.403    50.305   -10.45    5.64
  28611.263    46.628   -10.00    5.51
  28979.028    42.305   -11.76    5.94
  29346.696    38.282   -10.94    5.35
  29714.269    36.793    -4.05    4.71
  30081.746    38.506     4.66    6.77
  30449.128    43.476    13.53    8.61
  30816.415    48.489    13.65    7.56
  31183.606    51.297     7.65    5.92
  31550.703    52.195     2.45    5.74
  31917.704    53.150     2.60    6.12
  32284.610    56.369     8.77    7.80
  32651.421    60.997    12.62    8.34
  33018.137    66.403    14.74    6.31
  33384.758    69.294     7.89    4.49
  33751.284    68.214    -2.95    5.29
  34117.716    66.032    -5.95    5.98
  34484.053    63.849    -5.96    7.70
  34850.296    61.434    -6.59    8.87
  35216.444    59.517    -5.24   10.19
  35582.498    59.321    -0.54    9.81
  35948.457    62.008     7.34   10.16
  36314.322    66.567    12.46    9.97
  36680.093    71.206    12.68    7.84
  37045.770    73.593     6.53    5.73
  37411.353    73.217    -1.03    6.12
  37776.842    69.258   -10.83    8.62
  38142.237    65.431   -10.47    8.13
  38507.538    60.834   -12.59    5.97
  38872.746    58.047    -7.63    5.29
  39237.860    57.951    -0.26    4.79
  39602.880    59.492     4.22    5.95
  39967.807    61.926     6.67    5.26
  40332.640    63.557     4.47    3.66
  40697.380    63.800     0.67    3.49
  41062.027    60.817    -8.18    4.60
  41426.580    57.769    -8.36    5.45
  41791.041    54.900    -7.87    5.30
  42155.408    54.031    -2.38    4.02
  42519.682    55.761     4.75    4.98
  42883.863    59.427    10.07    6.48
  43247.952    64.230    13.19    7.14
  43611.947    69.116    13.42    7.94
  43975.850    73.850    13.01    7.72
  44339.660    76.635     7.65    5.57
  44703.378    76.793     0.44    4.86
  45067.003    75.264    -4.20    4.75
  45430.536    73.887    -3.79    3.72
  45793.976    72.201    -4.64    3.06
  46157.324    71.602    -1.65    3.69
  46520.580    70.677    -2.55    3.87
  46893.072    70.906     0.62    3.91
  47275.957    73.333     6.34    4.46
  47658.736    74.904     4.11    4.77
  48041.409    75.955     2.75    4.60
  48423.976    75.242    -1.86    4.53
  48806.437    73.559    -4.40    4.23
  49188.793    69.539   -10.51    6.39
  49571.043    64.961   -11.98    8.80
  49953.188    65.658     1.82   11.40
  50335.227    69.595    10.30   14.03
  50717.161    79.248    25.27   12.54
  51098.990    85.967    17.60    6.85
  51480.713    88.645     7.02    6.41
  51862.332    88.473    -0.45    8.17
  52243.846    87.873    -1.57    8.13
  52625.255    87.841    -0.08    6.20
  53006.559    83.849   -10.47    7.77
  53387.758    77.677   -16.19   10.09
  53768.853    72.738   -12.96    9.75
  54149.844    67.548   -13.62    7.18
  54530.729    63.609   -10.34    7.51
  54911.511    58.882   -12.41    8.87
  55292.188    54.489   -11.54    8.85
  55672.761    52.714    -4.66    8.84
  56053.231    53.580     2.28    9.35
  56433.596    57.912    11.39   10.21
  56813.857    61.989    10.72    9.12
  57194.014    62.671     1.79    8.49
  57574.068    64.349     4.42    9.45
  57954.018    66.584     5.88   10.41
  58333.864    68.628     5.38   10.42
  58713.607    72.622    10.52    7.28
  59093.246    71.531    -2.87    6.35
  59472.782    67.583   -10.40    7.78
  59852.215    60.705   -18.13    9.87
  60231.545    52.293   -22.17   11.61
  60610.772    43.241   -23.87   10.18
  60989.895    37.706   -14.60    8.19
  61368.916    36.419    -3.40    7.30
  61747.834    39.976     9.39    9.41
  62126.650    45.673    15.04    7.85
  62505.362    49.775    10.83    5.34
  62883.972    51.521     4.61    4.03
  63262.480    52.809     3.40    3.20
  63640.885    55.873     8.10    3.96
  64019.188    58.690     7.45    4.57
  64397.388    61.478     7.37    4.37
  64775.487    62.881     3.71    5.64
  65153.483    62.041    -2.22    9.09
  65531.378    61.313    -1.93   12.28
  65909.170    61.462     0.39   14.06
  66286.861    63.652     5.80   14.23
  66664.450    63.777     0.33   14.25
  67041.937    62.843    -2.48   14.02
  67419.323    60.185    -7.04   13.88
  67796.607    57.435    -7.29   13.68
  68173.790    55.374    -5.47   13.78
  68550.871    52.984    -6.34   12.77
  68927.851    52.403    -1.54   11.06
  69304.730    52.817     1.10    9.45
  69681.508    53.489     1.78    8.09
  70058.185    53.923     1.15    6.64
  70434.761    53.454    -1.24    5.95
  70811.236    51.261    -5.83    8.06
  71187.611    49.635    -4.32    8.80
  71563.885    49.606    -0.08    9.43
  71940.058    50.970     3.63   10.25
  72316.130    54.575     9.59   10.86
  72692.103    59.910    14.19   10.44
  73067.975    64.936    13.37    7.05
  73443.746    66.660     4.59    6.48
  73819.417    67.785     2.99    6.66
  74194.989    69.801     5.37    6.92
  74570.460    72.513     7.22    6.56
  74945.831    75.801     8.76    6.01
  75321.103    78.941     8.37    5.78
  75696.274    81.240     6.13    5.42
  76071.346    83.492     6.00    4.76
  76446.318    84.205     1.90    4.66
  76821.191    84.341     0.36    5.52
  77195.964    81.664    -7.14   10.90
  77570.638    75.629   -16.11   15.86
  77945.213    69.193   -17.18   17.39
  78319.688    62.343   -18.29   14.81
  78694.064    58.049   -11.47   11.08
  79068.341    56.051    -5.34    9.79
  79442.519    54.981    -2.86    9.45
  79816.598    55.333     0.94    6.94
  80190.578    56.920     4.24    5.76
  80564.460    59.545     7.02    6.41
  80938.242    62.603     8.18    5.18
  81311.926    64.484     5.03    5.15
  81685.512    65.111     1.68    5.11
  82058.999    65.603     1.32    4.45
  82432.388    67.616     5.39    4.28
  82805.678    69.679     5.53    4.65
  83178.871    72.868     8.54    4.90
  83551.965    76.169     8.85    4.49
  83924.961    78.950     7.46    3.55
  84297.859    80.533     4.24    2.90
  84670.659    80.575     0.11    2.90
  85043.361    78.602    -5.30    4.09
  85415.966    77.793    -2.17    3.86
  85788.473    78.045     0.68    4.00
  86160.882    80.067     5.43    4.62
  86533.194    82.361     6.16    3.31
  86905.408    83.356     2.67    2.61
  87277.525    82.889    -1.26    2.82
  87649.545    82.329    -1.50    2.36
  88021.467    82.145    -0.50    2.00
  88393.292    82.914     2.07    2.41
  88765.020    83.858     2.54    2.84
  89136.652    87.027     8.53    5.62
  89508.186    90.793    10.14    7.28
  89879.623    95.361    12.30    8.27
  90250.964   102.116    18.19   11.85
  90622.208   106.981    13.11   13.17
  90993.355   110.467     9.39   11.48
  91364.406   107.905    -6.90    9.92
  91735.360   105.726    -5.87    7.51
  92106.218   103.201    -6.81    7.14
  92476.980   103.874     1.81    8.44
  92847.645   107.990    11.10    9.70
  93218.215   114.220    16.81    9.93
  93588.688   121.012    18.33   10.12
  93959.065   127.776    18.26   10.01
  94329.346   135.156    19.93   13.95
  94699.532   141.575    17.34   17.26
  95069.621   146.511    13.33   19.24
  95439.615   151.599    13.75   20.03
  95809.513   153.374     4.80   18.56
  96179.316   152.140    -3.34   16.55
  96549.023   149.129    -8.14   14.91
  96918.635   139.609   -25.75   13.32
  97288.151   133.383   -16.85   11.76
  97657.573   128.934   -12.04    8.14
  98026.899   130.825     5.12    8.75
  98396.129   137.915    19.20   11.60
  98765.265   148.217    27.91   11.96
  99134.306   159.890    31.63   12.91
  99503.252   170.834    29.66   13.62
  99872.103   183.249    33.66   12.89
 100240.860   192.317    24.59   11.40
 100609.521   199.517    19.53   10.71
 100978.088   206.261    18.30   12.83
 101346.561   212.378    16.60   16.78
 101714.939   218.412    16.38   19.14
 102083.223   220.938     6.86   17.25
 102451.412   220.407    -1.44   13.91
 102819.507   217.232    -8.62   10.24
 103187.508   212.116   -13.90    9.18
 103555.415   205.242   -18.68    8.19
 103923.228   200.305   -13.42    8.47
 104290.947   195.882   -12.03    9.48
 104658.572   189.877   -16.33   11.65
 105026.103   185.272   -12.53   11.57
 105393.541   182.305    -8.07   10.12
 105760.885   181.080    -3.33    8.35
 106128.135   179.126    -5.32    9.05
 106495.292   178.514    -1.67    9.48
 106862.355   178.464    -0.14    9.24
 107229.325   179.325     2.35    8.32
 107596.202   181.014     4.60    7.84
 107962.985   184.627     9.85    8.97
 108329.675   188.598    10.83   10.52
 108696.272   193.042    12.12   12.95
 109062.776   198.346    14.47   14.50
 109429.188   204.581    17.02   14.09
 109795.506   212.269    20.99   14.09
 110161.731   219.557    19.90   16.26
 110527.864   220.596     2.84   17.99
 110893.904   219.148    -3.96   19.14
 111259.852   222.057     7.95   19.64
 111625.707   229.602    20.62   22.91
 111991.470   243.677    38.48   22.13
 112357.140   254.375    29.25   15.42
 112722.718   259.159    13.09   13.21
 113088.203   257.720    -3.94   17.60
 113453.597   258.204     1.33   19.77
 113818.898   263.044    13.25   23.18
 114184.107   270.785    21.19   22.65
 114549.225   276.207    14.85   18.52
 114914.250   275.212    -2.73   18.48
 115279.184   269.858   -14.67   19.54
 115644.026   265.159   -12.88   18.65
 116008.776   259.714   -14.93   17.83
 116373.435   258.178    -4.21   17.77
 116738.002   254.579    -9.87   18.27
 117102.478   254.783     0.56   17.61
 117466.862   253.489    -3.55   15.73
 117831.155   250.684    -7.70   14.71
 118195.356   247.313    -9.25   15.01
 118559.467   240.390   -19.01   16.78
 118923.486   230.100   -28.26   17.75
 119287.414   213.300   -46.16   22.33
 119651.252   194.243   -52.37   26.49
 120014.998   176.338   -49.22   26.41
 120378.653   158.139   -50.04   21.93
 120742.218   143.932   -39.08   15.70
 121105.692   132.584   -31.22   14.52
 121471.278   122.363   -27.96   15.12
 121854.011   112.825   -24.92   15.26
 122236.640   103.540   -24.27   13.29
 122619.166    96.281   -18.98   10.90
 123001.588    89.808   -16.92    8.10
 123383.906    87.240    -6.72    8.28
 123766.121    88.921     4.40   11.00
 124148.233    92.988    10.64   10.74
 124530.241    96.234     8.50    8.99
 124912.146    96.534     0.79    7.46
 125293.949    92.997    -9.26    8.87
 125675.648    88.046   -12.97    9.42
 126057.244    81.916   -16.06   10.81
 126438.738    74.168   -20.31   11.16
 126820.129    67.875   -16.50    9.50
 127201.417    62.326   -14.55    7.53
 127582.602    61.142    -3.10    6.14
 127963.685    62.751     4.22    8.65
 128344.666    68.153    14.18   11.44
 128725.544    73.329    13.59    9.67
 129106.321    76.501     8.33    5.92
 129486.994    73.276    -8.47    6.86
 129867.566    70.424    -7.49    6.07
 130248.036    68.137    -6.01    7.24
 130628.404    66.975    -3.05    7.51
 131008.670    68.875     5.00    7.59
 131388.835    68.735    -0.37    7.01
 131768.897    69.422     1.81    6.11
 132148.858    65.760    -9.64    7.92
 132528.718    59.495   -16.49    7.79
 132908.476    53.784   -15.04    8.02
 133288.133    49.801   -10.49    5.16
 133667.688    48.000    -4.74    4.19
 134047.143    47.528    -1.25    5.99
 134426.496    47.612     0.22    7.58
 134805.748    46.555    -2.79    7.73
 135184.899    46.104    -1.19    7.52
 135563.950    45.030    -2.83    6.11
 135942.899    44.967    -0.17    5.04
 136321.748    45.684     1.89    3.06
 136700.496    43.720    -5.19    4.27
 137079.144    41.440    -6.02    5.22
 137457.691    37.997    -9.09    4.84
 137836.138    33.629   -11.54    4.73
 138214.485    30.604    -7.99    5.66
 138592.731    28.934    -4.42    5.11
 138970.877    27.142    -4.74    4.36
 139348.923    28.432     3.41    5.15
 139726.869    30.203     4.69    5.73
 140104.715    31.908     4.51    5.38
 140482.462    32.368     1.22    6.52
 140860.108    28.627    -9.91    8.68
 141237.655    25.883    -7.27    8.45
 141615.103    24.783    -2.91    7.99
 141992.450    24.186    -1.58    7.42
 142369.699    23.281    -2.40    7.26
 142746.848    21.620    -4.40    6.38
 143123.897    20.600    -2.70    5.00
 143500.848    18.884    -4.55    3.30
 143877.699    18.776    -0.29    2.40
 144254.451    18.800     0.06    2.34
 144631.105    19.424     1.66    2.59
 145007.659    20.063     1.70    2.51
 145384.115    19.982    -0.21    2.94
 145760.472    19.117    -2.30    4.18
 146136.730    18.582    -1.42    4.57
 146512.889    17.981    -1.60    5.34
 146888.951    18.094     0.30    6.29
 147264.913    22.112    10.69    8.15
 147640.777    25.834     9.90    8.03
 148016.544    31.128    14.09    3.77
 148392.211    31.652     1.39    3.20
 148767.781    30.572    -2.88    3.90
 149143.253    28.567    -5.34    3.72
 149518.626    27.097    -3.92    2.43
 149893.902    28.659     4.16    3.71
 150269.080    28.809     0.40    6.00
 150644.160    29.356     1.46    7.11
 151019.143    31.139     4.75    6.90
 151394.028    32.783     4.38    4.50
 151768.815    33.925     3.05    2.36
 152143.505    33.371    -1.48    2.77
 152518.098    30.176    -8.53    8.20
 152892.593    29.653    -1.40   10.01
 153266.991    29.067    -1.57   10.73
 153641.292    27.088    -5.29   10.16
 154015.496    27.242     0.41    9.13
 154389.603    29.903     7.11    7.25
 154763.613    33.106     8.57    4.82
 155137.527    35.746     7.06    4.36
 155511.343    37.917     5.81    4.74
 155885.063    39.692     4.75    5.14
 156258.686    41.263     4.20    5.83
 156632.212    41.934     1.80    5.52
 157005.643    42.879     2.53    5.92
 157378.976    43.189     0.83    6.09
 157752.214    44.725     4.12    6.63
 158125.355    46.749     5.42    7.09
 158498.400    49.866     8.36    7.39
 158871.349    54.304    11.90    4.36
 159244.202    53.750    -1.48    5.52
 159616.959    52.284    -3.93    7.28
 159989.620    51.136    -3.08    7.73
 160362.185    48.509    -7.05    7.86
 160734.655    46.405    -5.65    7.72
 161107.029    45.100    -3.50    6.86
 161479.307    46.326     3.29    7.29
 161851.490    49.082     7.41    7.63
 162223.578    49.899     2.20    6.56
 162595.570    48.644    -3.37    6.91
 162967.466    47.985    -1.77    6.50
 163339.268    47.120    -2.33    5.22
 163710.975    44.002    -8.39    7.01
 164082.586    42.834    -3.14    8.30
 164454.102    40.556    -6.13    8.76
 164825.524    40.260    -0.80    9.33
 165196.851    40.717     1.23    9.28
 165568.082    40.636    -0.22    8.06
 165939.220    41.547     2.45    7.05
 166310.262    40.309    -3.34    5.91
 166681.210    38.090    -5.98    5.13
 167052.064    34.656    -9.26    5.29
 167422.823    33.091    -4.22    6.73
 167793.488    34.850     4.74   10.12
 168164.058    39.809    13.38   12.96
 168534.534    48.063    22.28   12.79
 168904.917    52.280    11.38    9.91
 169275.205    54.072     4.84    6.77
 169645.399    52.725    -3.64    7.42
 170015.499    52.372    -0.95    7.27
 170385.506    53.414     2.82    7.38
 170755.418    53.733     0.86    7.01
 171125.237    54.829     2.96    6.81
 171494.962    59.777    13.38   11.08
