# NaN NaN NaN ;Mean Elev.(m), Avg Gradient(m/km), RMS Gradient(m/km) - SRTM1     
#   13.788  -0.162   3.438 ;Mean Elev.(m), Avg Gradient(m/km), RMS Gradient(m/km) - ASTER GDEM
#    2.000   0.201   3.488 ;Mean Elev.(m), Avg Gradient(m/km), RMS Gradient(m/km) - GMTED2010 
  7 113.231908  72.773503     0.951     0.957  3 52470.18225473 38.788
  8 113.227928  72.773144   299.928   297.782  3 52505.18223825 32.272
 10 113.234185  72.772194     0.421     0.353  3 52575.18226648 20.025
 11 113.226339  72.772013     0.689     0.565  3 52610.18222744 16.761
 12 113.238512  72.768966     0.313     0.330  3 52645.18221751 18.069
 13 113.232815  72.773225     0.714     0.272  3 52680.18219300 18.193
 15 113.218066  72.776555     0.709     0.718  4 52750.18226728 14.700
 16 113.246927  72.765315     0.573     0.579  3 52785.18221089 35.410
 17 113.243805  72.766437     3.124     0.847  3 52820.18228596 30.532
 18 113.241563  72.768602     3.024     0.948  3 52855.18233390 36.760
 20 113.219653  72.775225     0.654     0.650  4 52925.18231976 29.798
 21 113.248557  72.766292     2.779     3.263  3 52960.18228776 11.664
 22 113.236200  72.769604     4.406     4.406  2 52995.18232227 11.879
 23 113.222966  72.775654     4.288     4.562  4 53030.18228491 11.112
 25 113.221776  72.777380     5.011     5.116  4 53100.18229796  8.438
 28 113.232831  72.771621     2.983     0.906  3 53205.18236150 31.965
 29 113.228593  72.772804     4.307     5.333  3 53240.18232947 26.851
 31 113.235181  72.771149     4.419     4.474  3 53310.18234372 19.468
 32 113.228354  72.772344     3.084     2.550  3 53345.18230983 17.095
 33 113.251749  72.764915     0.213     0.180  3 53380.18226191 17.481
 34 113.233469  72.769015     0.330     0.336  3 53415.18228748 22.251
 35 113.251743  72.764109     0.298     0.304  3 53450.18228164 14.725
 36 113.233315  72.770719     0.470     0.468  3 53485.18236635 16.960
 37 113.233851  72.771693     1.383     1.383  2 53520.18236164 27.120
 38 113.230335  72.773985     2.810     0.699  3 53555.18238464 31.526
 39 113.227720  72.772021     6.842     6.844  3 53590.18232823 22.253
 41 113.238580  72.769365     0.411     0.402  3 53660.18233584 32.349
 42 113.226436  72.773424     2.426     2.557  4 53695.18230926 17.343
 43 113.222056  72.775268     2.899     2.734  3 53730.18223193 16.559
 45 113.223921  72.772669     1.646     2.088  3 53800.18220386 13.203
 46 113.248235  72.765728     0.208     0.229  3 53835.18220619 16.112
 47 113.234441  72.768023     0.635     0.644  3 53870.18226622 10.485
 48 113.233725  72.770473     6.905     6.987  3 53905.18230107 25.220
 49 113.226333  72.771629     0.566     0.566  3 53940.18233339 30.377
 50 113.221938  72.774819     0.849     0.868  3 53975.18229119 46.846
 51 113.248618  72.765035     6.650     6.650  2 54010.18228906 20.876
 52 113.240425  72.767403     0.045     0.039  3 54045.18230636 23.311
 53 113.229110  72.774355     2.476     2.620  3 54080.18229884 14.911
 54 113.217829  72.776137     2.202     2.375  4 54115.18223365 12.107
 56 113.220390  72.775844     2.840     3.221  3 54185.18222475  8.271
 57 113.235805  72.767367     1.490     1.236  3 54220.18225709  7.722
 58 113.232804  72.770731     5.560     4.716  3 54255.18228035 39.657
 59 113.232748  72.770505     6.975     6.975  2 54290.18228289 22.760
 60 113.234444  72.772269     7.070     7.226  3 54325.18228014 26.923
 61 113.224731  72.778742     6.981     6.981  2 54360.18223279 25.804
 62 113.235132  72.768976     0.045     0.065  3 54395.18222073 30.096
 63 113.227698  72.774317     2.772     2.744  3 54430.18218364 14.721
 64 113.239743  72.767854     2.891     2.473  3 54465.18220067 11.600
 65 113.228864  72.772783     1.656     1.598  3 54500.18219568 12.382
 66 113.232957  72.769654     1.565     1.157  3 54535.18221523 11.232
 67 113.221904  72.774448     4.582     5.214  3 54570.18219850  8.346
 68 113.233509  72.769359     4.444     3.736  3 54605.18220936  7.696
 69 113.232122  72.773024     7.063     7.113  3 54640.18221880 28.481
 70 113.231808  72.771636     3.425     2.270  3 54675.18222136 29.244
 71 113.225158  72.774636     0.859     0.883  4 54710.18217760 50.873
 72 113.235713  72.769808     0.181     0.184  3 54745.18218874 43.456
 73 113.232586  72.772960     2.859     2.956  3 54780.18216196 16.972
 74 113.237640  72.768264     0.902     0.902  2 54815.18218215 13.426
 75 113.230128  72.774182     0.648     0.616  3 54850.18216032 29.251
 76 113.236391  72.770429     1.309     1.309  2 54885.18218569 20.545
 77 113.218777  72.777081     1.195     1.197  3 54920.18216185 19.647
 78 113.238091  72.769856     1.476     1.393  3 54955.18218080  9.404
 79 113.232516  72.770775    15.600     7.952  3 54990.18220450 28.232
 80 113.227275  72.771014     2.886     0.747  3 55025.18219599 29.574
 81 113.231590  72.771255     2.401     0.059  3 55060.18218981 29.357
 82 113.222440  72.777706     3.250     3.250  2 55095.18214075 29.383
 83 113.235696  72.770429    -0.312    -0.398  3 55130.18213195 34.590
 84 113.231218  72.773350     1.290     1.594  3 55165.18210315 18.286
 85 113.237933  72.770325     0.341     0.562  3 55200.18212358 15.785
 86 113.224619  72.774483     0.667     0.726  4 55235.18210886 25.327
 87 113.233030  72.770449     0.789     0.789  2 55270.18211829 14.652
 88 113.221477  72.775662     0.765     0.796  3 55305.18208955 14.578
 89 113.232228  72.770179     1.293     1.283  3 55340.18208976 40.280
 90 113.228303  72.771600     4.420     5.069  3 55375.18208198 33.969
 91 113.236463  72.769016     7.278     7.278  2 55410.18210414 20.768
 92 113.229586  72.770867     2.921     0.999  3 55445.18209834 28.793
 93 113.219186  72.777168     0.525     0.527  4 55480.18203261 33.718
