 -92410.710    54.756     0.00    3.15
 -92040.826    52.437    -6.27    3.52
 -91670.845    50.113    -6.28    3.78
 -91300.768    48.060    -5.55    3.84
 -90930.595    45.849    -5.97    3.08
 -90560.325    44.622    -3.31    2.72
 -90189.959    44.859     0.64    2.47
 -89819.497    45.759     2.43    2.80
 -89448.938    46.722     2.60    2.58
 -89078.283    47.687     2.61    1.76
 -88707.531    49.087     3.77    1.99
 -88336.682    51.195     5.69    3.15
 -87965.737    54.384     8.60    4.98
 -87594.695    58.490    11.06    6.40
 -87223.555    63.784    14.26    7.63
 -86852.319    69.452    15.27    7.41
 -86480.985    73.615    11.21    5.35
 -86109.555    73.946     0.89    5.26
 -85738.027    70.473    -9.35    8.21
 -85366.401    65.533   -13.29    8.01
 -84994.679    62.300    -8.70    5.35
 -84622.859    64.018     4.62    7.68
 -84250.941    69.818    15.59   11.05
 -83878.925    78.210    22.56    9.83
 -83506.812    82.346    11.11    7.64
 -83134.601    84.238     5.08    7.20
 -82762.293    84.532     0.79    7.11
 -82389.886    86.570     5.47    6.49
 -82017.381    87.921     3.63    5.74
 -81644.778    86.762    -3.11    7.87
 -81272.077    83.692    -8.24   10.30
 -80899.278    77.825   -15.74   12.18
 -80526.380    73.835   -10.70   13.60
 -80153.384    72.067    -4.74   14.74
 -79780.289    70.850    -3.26   16.59
 -79407.096    66.819   -10.80   19.65
 -79033.804    61.831   -13.36   21.29
 -78660.413    57.526   -11.53   19.19
 -78286.924    55.381    -5.74   17.36
 -77913.335    56.715     3.57   15.90
 -77539.648    56.466    -0.66   17.14
 -77165.862    54.360    -5.63   17.63
 -76791.976    50.470   -10.40   16.73
 -76417.991    43.586   -18.41   14.56
 -76043.907    37.288   -16.83   11.29
 -75669.724    33.200   -10.93    7.82
 -75295.441    32.644    -1.48    7.79
 -74921.059    34.726     5.56    9.08
 -74546.577    38.470    10.00    9.53
 -74171.995    42.408    10.51    7.15
 -73797.314    41.954    -1.21    8.09
 -73422.532    39.115    -7.58   11.45
 -73047.651    32.797   -16.85   12.55
 -72672.670    26.978   -15.52   10.45
 -72297.589    23.238    -9.97    7.07
 -71922.407    28.065    12.87   11.23
 -71547.125    37.179    24.29   16.41
 -71171.743    51.276    37.55   17.99
 -70796.261    62.764    30.59   13.97
 -70420.678    71.208    22.48    8.14
 -70044.994    74.978    10.03    6.11
 -69669.210    76.146     3.11    4.69
 -69293.325    73.255    -7.69    6.60
 -68917.340    68.096   -13.72    8.42
 -68541.253    61.672   -17.08    8.19
 -68165.065    56.183   -14.59    5.88
 -67788.777    55.151    -2.74    4.37
 -67412.387    57.418     6.02    5.84
 -67035.896    61.915    11.94    7.20
 -66659.303    68.113    16.46    7.24
 -66282.610    74.042    15.74    6.97
 -65905.814    77.744     9.82    6.34
 -65528.918    78.868     2.98    5.61
 -65151.919    74.025   -12.85   10.84
 -64774.819    64.978   -23.99   14.67
 -64397.617    55.319   -25.60   13.56
 -64020.313    50.716   -12.20   10.65
 -63642.908    53.292     6.83   10.71
 -63265.400    59.080    15.33    8.58
 -62887.790    61.695     6.92    6.05
 -62510.078    54.411   -19.28   12.30
 -62132.263    44.482   -26.28   14.06
 -61754.347    34.889   -25.38   11.44
 -61376.327    32.042    -7.53   11.00
 -60998.206    31.569    -1.25   11.88
 -60619.981    33.160     4.21   12.06
 -60241.654    32.058    -2.91   12.43
 -59863.224    29.889    -5.73   12.25
 -59484.691    27.631    -5.96   12.85
 -59106.055    26.561    -2.83   12.61
 -58727.317    26.033    -1.39   11.58
 -58348.475    28.945     7.69   12.40
 -57969.529    36.148    19.01   14.96
 -57590.481    45.906    25.74   15.39
 -57211.329    54.986    23.95   10.90
 -56832.074    58.087     8.18    8.60
 -56452.715    59.098     2.66    9.14
 -56073.252    55.279   -10.06   11.93
 -55693.686    50.128   -13.57   14.98
 -55314.016    42.970   -18.85   16.15
 -54934.242    39.356    -9.52   15.09
 -54554.364    37.549    -4.76   15.75
 -54174.382    39.694     5.65   16.58
 -53794.296    44.122    11.65   15.96
 -53414.105    48.391    11.23   15.56
 -53033.811    54.214    15.31   13.06
 -52653.412    56.709     6.56   11.34
 -52272.908    58.619     5.02    9.48
 -51892.300    59.865     3.27    7.31
 -51511.587    60.395     1.39    5.71
 -51130.769    61.033     1.67    5.07
 -50749.847    60.752    -0.74    4.32
 -50368.819    61.978     3.22    3.75
 -49987.687    62.172     0.51    2.98
 -49606.450    60.142    -5.33    4.25
 -49225.107    57.248    -7.59    5.28
 -48843.659    53.514    -9.79    4.69
 -48462.106    51.994    -3.98    3.70
 -48080.447    52.272     0.73    4.13
 -47698.683    54.443     5.69    4.17
 -47316.813    57.124     7.02    3.15
 -46934.837    58.797     4.38    3.08
 -46552.756    60.104     3.42    3.86
 -46170.568    60.674     1.49    3.90
 -45788.275    60.567    -0.28    3.63
 -45405.876    59.994    -1.50    3.30
 -45023.370    60.192     0.52    3.23
 -44640.759    61.082     2.33    3.79
 -44258.040    62.762     4.39    3.43
 -43875.216    64.403     4.29    2.71
 -43506.017    65.383     2.65    2.68
 -43142.901    65.756     1.03    2.61
 -42779.693    64.766    -2.72    3.57
 -42416.392    62.344    -6.67    4.59
 -42052.998    59.861    -6.83    4.80
 -41689.512    56.757    -8.54    4.35
 -41325.933    54.227    -6.96    3.57
 -40962.261    53.767    -1.27    3.02
 -40598.496    53.899     0.36    2.61
 -40234.638    53.179    -1.98    2.95
 -39870.688    51.380    -4.94    4.36
 -39506.644    48.834    -6.99    4.32
 -39142.507    47.219    -4.43    3.22
 -38778.276    48.009     2.17    4.15
 -38413.952    50.120     5.79    5.22
 -38049.535    53.786    10.06    6.25
 -37685.025    57.002     8.82    6.13
 -37320.420    59.017     5.53    4.89
 -36955.723    58.652    -1.00    4.69
 -36590.931    56.096    -7.01    4.75
 -36226.046    52.954    -8.61    4.66
 -35861.066    50.761    -6.01    4.17
 -35495.993    50.837     0.21    4.32
 -35130.826    51.501     1.82    5.38
 -34765.565    52.894     3.81    6.03
 -34400.209    53.691     2.18    5.76
 -34034.760    54.411     1.97    4.68
 -33669.216    55.144     2.01    3.49
 -33303.578    55.521     1.03    2.97
 -32937.845    55.365    -0.43    3.22
 -32572.018    55.108    -0.70    3.82
 -32206.096    54.041    -2.92    4.04
 -31840.079    53.025    -2.77    4.49
 -31473.968    50.685    -6.39    4.64
 -31107.762    47.324    -9.18    5.00
 -30741.461    44.248    -8.40    4.16
 -30375.065    42.213    -5.55    3.25
 -30008.574    39.822    -6.53    4.01
 -29641.988    37.970    -5.05    4.83
 -29275.307    35.082    -7.88    5.45
 -28908.531    33.986    -2.99    4.42
 -28541.659    34.057     0.19    3.67
 -28174.691    34.026    -0.09    3.86
 -27807.629    34.683     1.79    4.59
 -27440.470    36.058     3.74    4.79
 -27073.216    38.537     6.75    4.49
 -26705.867    40.236     4.62    4.29
 -26338.421    41.449     3.30    4.04
 -25970.880    42.058     1.66    4.45
 -25603.242    40.823    -3.36    4.48
 -25235.509    40.261    -1.53    4.29
 -24867.680    39.408    -2.32    4.04
 -24499.754    37.559    -5.02    4.30
 -24131.732    34.977    -7.02    6.23
 -23763.614    31.751    -8.76    7.05
 -23395.399    28.822    -7.96    6.33
 -23027.088    26.111    -7.36    6.26
 -22658.681    23.806    -6.26    6.87
 -22290.176    22.822    -2.67    6.82
 -21921.575    22.092    -1.98    7.66
 -21552.878    21.094    -2.70    6.79
 -21184.083    22.089     2.70    5.79
 -20815.191    21.994    -0.26    4.87
 -20446.203    22.173     0.49    4.46
 -20077.117    22.490     0.86    4.81
 -19707.934    21.458    -2.79    4.93
 -19338.654    20.236    -3.31    5.02
 -18969.277    18.441    -4.86    5.15
 -18599.802    16.753    -4.57    5.53
 -18230.230    16.505    -0.67    5.75
 -17860.560    15.672    -2.25    4.86
 -17490.792    14.908    -2.07    4.54
 -17120.927    13.901    -2.72    5.41
 -16750.964    12.355    -4.18    5.69
 -16380.903    12.111    -0.66    5.39
 -16010.744    13.621     4.08    5.98
 -15640.487    15.802     5.89    5.09
 -15270.132    17.101     3.51    3.61
 -14899.679    16.797    -0.82    3.62
 -14529.128    15.827    -2.62    3.44
 -14158.478    15.986     0.43    3.15
 -13787.729    15.490    -1.34    4.10
 -13416.883    14.750    -2.00    5.27
 -13045.937    13.611    -3.07    5.87
 -12674.893    11.277    -6.29    5.83
 -12303.751     8.689    -6.97    4.85
 -11932.509     7.482    -3.25    4.09
 -11561.169     6.848    -1.71    3.85
 -11189.729     6.360    -1.31    2.95
 -10818.191     6.510     0.40    2.24
 -10446.553     6.584     0.20    1.94
 -10074.816     6.986     1.08    1.89
  -9702.980     7.033     0.13    2.29
  -9331.044     6.533    -1.35    2.93
  -8959.009     5.606    -2.49    3.07
  -8586.875     4.407    -3.22    2.81
  -8214.640     4.187    -0.59    2.76
  -7842.306     4.521     0.90    2.46
  -7469.873     5.490     2.60    2.70
  -7097.339     6.234     2.00    2.72
  -6724.706     6.714     1.29    2.70
  -6351.972     6.033    -1.83    2.87
  -5979.138     4.856    -3.16    2.32
  -5606.205     4.927     0.19    2.26
  -5233.170     4.908    -0.05    2.55
  -4860.036     4.575    -0.89    2.55
  -4486.801     4.232    -0.92    2.14
  -4113.466     4.016    -0.58    1.94
  -3740.030     4.206     0.51    2.13
  -3366.493     4.096    -0.30    2.22
  -2992.855     4.322     0.60    2.15
  -2619.117     3.938    -1.03    1.66
  -2245.278     3.350    -1.57    1.02
  -1871.337     3.288    -0.17    1.14
  -1497.296     2.573    -1.91    1.41
  -1123.153     1.627    -2.53    1.33
   -748.910     1.048    -1.55    1.30
   -374.565     0.423    -1.67    0.90
     -0.118     0.040    -1.02    0.23
    374.430     0.154     0.30    0.86
    749.080     0.786     1.69    1.78
   1123.831     2.478     4.52    3.83
   1498.684     5.561     8.22    6.04
   1873.639     8.589     8.08    6.73
   2248.696     8.978     1.04    6.17
   2623.855     7.978    -2.67    6.24
   2999.116     6.626    -3.60    5.55
   3374.479     6.165    -1.23    4.25
   3749.945     7.893     4.60    4.44
   4125.512     9.908     5.37    3.92
   4501.183    11.360     3.86    3.20
   4876.955    11.409     0.13    2.71
   5252.831    12.510     2.93    3.31
   5628.809    13.505     2.65    3.84
   6004.889    14.784     3.40    3.67
   6381.073    15.437     1.74    2.89
   6757.360    13.177    -6.01    4.94
   7133.749    10.955    -5.90    5.76
   7510.242     7.986    -7.89    4.78
   7886.838     6.558    -3.79    2.89
   8263.537     7.756     3.18    3.56
   8640.340     9.186     3.79    3.99
   9017.246    11.063     4.98    4.74
   9394.255    12.309     3.30    5.41
   9771.368    10.329    -5.25    6.16
  10148.585     7.639    -7.13    5.46
  10525.906     5.505    -5.66    3.18
  10903.330     5.586     0.21    3.65
  11280.859     7.396     4.79    5.44
  11658.491     9.948     6.76    6.20
  12036.228    12.141     5.81    5.89
  12414.069    14.249     5.58    4.61
  12792.014    14.408     0.42    3.78
  13170.064    15.260     2.25    4.52
  13548.218    15.309     0.13    4.92
  13926.476    17.064     4.64    7.34
  14304.840    22.773    15.09   11.39
  14683.308    27.810    13.31   11.12
  15061.881    30.452     6.98   10.91
  15440.559    29.063    -3.67   10.66
  15819.342    24.947   -10.87   10.85
  16198.230    19.293   -14.92    8.93
  16577.223    16.251    -8.03    6.03
  16956.321    16.978     1.92    6.84
  17335.525    22.470    14.48    8.88
  17714.834    28.583    16.11    9.51
  18094.249    33.383    12.65    8.71
  18473.769    35.291     5.03    7.70
  18853.396    34.051    -3.27    8.32
  19233.127    28.726   -14.02    7.85
  19612.965    26.706    -5.32    5.86
  19992.909    27.065     0.95    5.61
  20372.959    31.520    11.72    9.21
  20753.115    36.337    12.67    9.65
  21133.377    37.678     3.53   10.85
  21513.746    35.332    -6.17   14.11
  21894.221    28.791   -17.19   16.16
  22274.803    22.625   -16.20   13.65
  22655.491    17.160   -14.35   10.49
  23036.286    12.749   -11.58    8.64
  23417.188    11.107    -4.31    8.13
  23798.196    10.330    -2.04    7.68
  24179.312    14.688    11.44   11.13
  24560.534    21.100    16.82   16.06
  24941.864    25.917    12.63   17.47
  25323.301    29.319     8.92   17.09
  25704.845    26.947    -6.22   16.88
  26086.497    24.207    -7.18   14.39
  26468.257    20.744    -9.07   11.25
  26850.123    18.094    -6.94    8.94
  27232.098    16.255    -4.81    6.86
  27614.180    14.629    -4.26    3.36
  27996.371    14.349    -0.73    2.15
  28378.669    14.896     1.43    1.64
  28761.075    14.562    -0.87    2.58
  29143.590    14.556    -0.01    4.13
  29526.213    14.378    -0.47    4.87
  29908.944    15.184     2.11    4.74
  30291.783    16.599     3.69    4.98
  30674.731    16.895     0.77    4.43
  31053.111    17.791     2.37    4.39
  31416.010    18.732     2.59    4.57
  31779.002    20.187     4.01    5.25
  32142.089    21.955     4.87    5.53
  32505.270    22.809     2.35    5.74
  32868.544    24.755     5.36    6.36
  33231.913    28.009     8.95    8.40
  33595.376    28.546     1.48    8.36
  33958.933    27.940    -1.67    8.23
  34322.585    26.418    -4.19    9.22
  34686.331    22.482   -10.82    7.85
  35050.172    23.745     3.47    9.13
  35414.107    28.357    12.67   10.15
  35778.136    33.601    14.40    8.12
  36142.261    35.390     4.92    9.53
  36506.480    33.766    -4.46   11.46
  36870.794    29.573   -11.51   11.72
  37235.203    23.870   -15.65    9.45
  37599.707    21.154    -7.45    8.07
  37964.306    21.435     0.77    7.43
  38329.000    22.532     3.01    7.15
  38693.790    23.054     1.43    6.37
  39058.675    21.230    -5.00    6.71
  39423.655    18.119    -8.53    5.15
  39788.731    17.236    -2.42    4.13
  40153.902    18.809     4.31    5.70
  40519.169    22.372     9.75    7.08
  40884.532    23.463     2.99    7.03
  41249.990    22.770    -1.89    7.24
  41615.544    20.945    -4.99    7.15
  41981.194    17.046   -10.66    5.24
  42346.941    18.696     4.51    6.84
  42712.783    20.397     4.65    7.72
  43078.721    24.901    12.31    9.34
  43444.756    31.790    18.82   12.96
  43810.887    39.042    19.81   13.74
  44177.114    44.918    16.05   13.02
  44543.438    49.713    13.09    8.82
  44909.859    53.204     9.53    8.78
  45276.376    55.226     5.52    8.83
  45642.989    59.693    12.18    8.14
  46009.700    62.429     7.46    7.31
  46376.507    60.557    -5.10    9.51
  46743.412    55.768   -13.05   11.40
  47110.413    48.787   -19.02   10.38
  47477.511    43.387   -14.71    7.97
  47844.707    41.001    -6.50    7.08
  48212.000    41.034     0.09    8.26
  48579.390    42.796     4.80    8.05
  48946.878    45.535     7.45    6.77
  49314.463    47.159     4.42    5.46
  49682.146    46.902    -0.70    5.36
  50049.926    47.211     0.84    5.11
  50417.804    45.561    -4.49    5.51
  50785.780    42.032    -9.59    5.88
  51153.854    38.114   -10.64    6.06
  51522.025    35.466    -7.19    6.39
  51890.295    33.887    -4.29    6.59
  52258.663    31.166    -7.38    7.66
  52627.129    28.797    -6.43    8.75
  52995.693    26.016    -7.54    8.73
  53364.356    23.557    -6.67    7.73
  53733.117    22.343    -3.29    5.29
  54101.977    24.253     5.18    5.97
  54470.935    26.678     6.57    5.02
  54839.992    27.674     2.70    4.31
  55209.148    29.084     3.82    6.07
  55578.403    30.486     3.80    7.08
  55947.756    31.668     3.20    6.98
  56317.209    31.174    -1.34    6.67
  56686.761    27.971    -8.67    7.94
  57056.411    21.292   -18.07    8.53
  57426.162    14.630   -18.02    6.77
  57796.011    11.771    -7.73    4.95
  58165.960    12.978     3.26    7.23
  58536.008    19.601    17.90   10.59
  58906.156    26.060    17.45    9.76
  59276.403    31.522    14.75    6.71
  59646.751    33.512     5.37    4.65
  60017.198    34.129     1.66    5.19
  60387.745    32.131    -5.39    6.17
  60758.392    27.941   -11.31    8.93
  61129.139    23.948   -10.77   10.52
  61499.986    22.242    -4.60    9.41
  61870.934    23.354     3.00    9.38
  62241.981    27.234    10.46   10.85
  62613.130    33.057    15.69    9.48
  62984.378    35.911     7.69    8.09
  63355.727    37.031     3.02    6.90
  63727.177    36.048    -2.65    6.02
  64098.728    36.888     2.26    8.80
  64470.379    39.009     5.71   11.92
  64842.132    41.383     6.39   11.98
  65213.985    43.157     4.77   10.89
  65585.939    42.721    -1.17    9.26
  65957.995    40.314    -6.47    6.85
  66330.152    38.280    -5.47    5.41
  66702.410    36.917    -3.66    4.18
  67074.769    37.894     2.62    6.27
  67447.230    41.180     8.82    8.97
  67819.792    46.474    14.21   10.85
  68192.457    53.790    19.63   11.09
  68565.222    59.747    15.98    9.03
  68938.090    64.899    13.82    5.54
  69311.060    66.414     4.06    4.47
  69684.131    63.851    -6.87    6.07
  70057.305    59.946   -10.46    7.14
  70430.581    54.366   -14.95    7.25
  70803.959    50.008   -11.67    5.40
  71177.439    48.722    -3.44    4.13
  71551.022    50.184     3.91    6.34
  71924.708    53.947    10.07    7.94
  72298.495    56.670     7.28    7.78
  72672.386    58.710     5.46    7.02
  73046.379    60.403     4.53    6.21
  73420.476    63.404     8.02    6.54
  73794.675    63.740     0.90    7.25
  74168.977    63.113    -1.67    8.05
  74543.382    61.381    -4.62    7.33
  74917.891    60.324    -2.82    4.97
  75292.502    60.001    -0.86    4.39
  75667.217    58.964    -2.77    6.52
  76042.036    56.757    -5.89    9.18
  76416.958    54.367    -6.37   10.03
  76791.984    52.277    -5.57   10.51
  77167.113    49.111    -8.44   10.10
  77542.346    43.890   -13.92   11.82
  77917.683    38.267   -14.98   15.24
  78293.124    28.087   -27.12   13.80
  78668.669    20.520   -20.15    8.89
  79044.319    17.758    -7.35    4.70
  79420.072    20.533     7.38    5.31
  79795.930    26.749    16.54    9.77
  80171.892    31.832    13.52   10.01
  80547.959    34.819     7.94    8.02
  80924.130    35.905     2.89    6.86
  81300.406    32.632    -8.70    8.81
  81676.787    28.236   -11.68    9.83
  82053.273    25.299    -7.80    9.53
  82429.863    24.652    -1.72    8.65
  82806.559    26.682     5.39   10.37
  83183.359    28.504     4.84   10.32
  83560.265    27.604    -2.39   10.79
  83937.277    23.667   -10.44   11.21
  84314.393    19.577   -10.85    8.67
  84691.615    17.113    -6.53    5.60
  85068.943    19.046     5.12    5.20
  85446.376    22.914    10.25    5.25
  85823.915    24.596     4.46    5.96
  86201.560    24.238    -0.95    6.00
  86579.311    22.078    -5.72    6.20
  86957.168    18.090   -10.56    4.96
  87335.130    13.971   -10.90    6.23
  87713.200     9.277   -12.42    7.31
  88091.375     5.778    -9.25    7.31
  88469.657     2.689    -8.17    6.82
  88848.045     0.361    -6.15    4.75
  89226.540    -1.014    -3.63    0.00
  89605.141    -1.014     0.00    0.00
  89983.849    -1.014     0.00    0.00
  90362.665    -1.014     0.00    0.00
  90741.586    -1.014     0.00    0.00
  91120.615    -1.014     0.00    0.00
  91499.752    -1.014     0.00    0.00
  91878.995    -1.014     0.00    0.00
  92258.345    -1.014     0.00    0.00
  92637.803    -1.014     0.00    0.00
  93017.369    -1.014     0.00    0.00
  93397.042    -1.014     0.00    0.00
  93776.822    -1.014     0.00    0.00
  94156.711    -1.014     0.00    0.00
  94536.707    -1.014     0.00    0.00
  94916.811    -1.014     0.00    0.00
  95297.024    -1.014     0.00    0.00
  95677.344    -1.014     0.00    0.00
  96057.772    -1.014     0.00    0.00
  96438.309    -1.014     0.00    0.00
  96818.955    -1.014     0.00    0.00
  97199.708    -1.014     0.00    0.00
  97580.571    -1.014     0.00    0.00
  97961.542    -1.014     0.00    0.00
  98342.622    -1.014     0.00    0.00
  98723.810    -1.014     0.00    0.00
  99105.108    -1.014     0.00    0.00
  99486.515    -1.014     0.00    0.00
  99868.031    -1.014     0.00    0.00
 100249.656    -1.014     0.00    0.00
 100631.391    -1.014     0.00    0.00
 101013.235    -1.014     0.00    0.00
 101395.188    -1.014     0.00    0.00
 101777.251    -1.014     0.00    0.00
 102159.424    -1.014     0.00    0.00
 102541.707    -1.014     0.00    0.00
 102924.099    -1.014     0.00    0.00
 103306.602    -1.014     0.00    0.00
 103689.215    -1.014     0.00    0.00
 104071.938    -1.014     0.00    0.00
 104454.771    -1.014     0.00    0.00
 104837.714    -1.014     0.00    0.00
 105220.769    -1.014     0.00    0.00
 105603.933    -1.014     0.00    0.00
 105971.525    -1.014     0.00    0.00
 106334.316    -1.014     0.00    0.00
 106697.203    -1.014     0.00    0.00
 107060.185    -1.014     0.00    0.00
 107423.261    -1.014     0.00    0.00
 107786.434    -1.014     0.00    0.00
 108149.701    -1.014     0.00    0.00
 108513.064    -1.014     0.00    0.00
 108876.523    -1.014     0.00    0.00
 109240.077    -1.014     0.00    0.00
 109603.727    -1.014     0.00    0.00
 109967.472    -1.014     0.00    0.00
 110331.314    -1.014     0.00    0.00
 110695.251    -1.014     0.00    0.00
 111059.284    -1.014     0.00    0.00
 111423.414    -1.014     0.00    0.00
 111787.639    -1.014     0.00    0.00
 112151.961    -1.014     0.00    0.00
 112516.379    -1.014     0.00    0.00
 112880.894    -1.014     0.00    0.00
 113245.505    -1.014     0.00    0.00
 113610.212    -1.014     0.00    0.00
 113975.016    -1.014     0.00    0.00
 114339.917    -1.014     0.00    0.00
 114704.915    -1.014     0.00    0.00
 115070.009    -1.014     0.00    0.00
 115435.201    -1.014     0.00    0.00
 115800.489    -1.014     0.00    0.00
 116165.875    -1.014     0.00    0.00
 116531.357    -1.014     0.00    0.00
 116896.937    -1.014     0.00    0.00
 117262.615    -1.014     0.00    0.00
 117628.389    -1.014     0.00    0.00
 117994.262    -1.014     0.00    0.00
 118360.231    -1.014     0.00    0.00
 118726.299    -1.014     0.00    0.00
 119092.464    -1.014     0.00    0.00
 119458.727    -1.014     0.00    0.00
 119825.088    -1.014     0.00    0.00
 120191.547    -1.014     0.00    0.00
 120558.104    -1.014     0.00    0.00
 120924.759    -1.014     0.00    0.00
 121291.512    -1.014     0.00    0.00
 121658.363    -1.014     0.00    0.00
 122025.313    -1.014     0.00    0.00
 122392.362    -1.014     0.00    0.00
 122759.509    -1.014     0.00    0.00
 123126.754    -1.014     0.00    0.00
 123494.099    -1.014     0.00    0.00
 123861.542    -1.014     0.00    0.00
 124229.084    -1.014     0.00    0.00
 124596.724    -1.014     0.00    0.00
 124964.464    -1.014     0.00    0.00
 125332.303    -1.014     0.00    0.00
 125700.242    -1.014     0.00    0.00
 126068.279    -0.110     2.46    2.67
 126436.416     2.008     5.75    4.42
 126804.652     4.794     7.57    5.00
 127172.988     8.111     9.01    4.63
 127541.424    10.834     7.39    3.31
 127909.959    13.581     7.46    4.49
 128278.594    17.479    10.57    8.90
 128647.328    22.176    12.74   11.94
 129016.163    26.114    10.68   15.25
 129385.098    27.251     3.08   16.27
 129754.133    26.511    -2.00   15.29
 130123.268    23.550    -8.02   11.65
 130492.503    23.327    -0.60    9.13
 130861.839    23.672     0.93    8.50
 131231.275    22.195    -4.00    8.21
 131600.811    21.369    -2.23    8.30
 131970.449    18.285    -8.34    6.87
 132340.187    14.482   -10.29    6.92
 132710.025    10.441   -10.93    9.00
 133079.965     5.776   -12.61    8.44
 133450.005     1.876   -10.54    6.06
 133820.147    -0.999    -7.77    0.12
 134190.390    -1.014    -0.04    0.00
 134560.734    -1.014     0.00    0.00
 134931.179    -1.014     0.00    0.00
 135301.725    -1.014     0.00    0.00
 135672.373    -1.014     0.00    0.00
 136043.123    -1.014     0.00    0.00
 136413.974    -1.014     0.00    0.00
 136784.927    -1.014     0.00    0.00
 137155.981    -1.014     0.00    0.00
 137527.138    -1.014     0.00    0.00
 137898.397    -1.014     0.00    0.00
 138269.757    -1.014     0.00    0.00
 138641.220    -1.014     0.00    0.00
 139012.785    -1.014     0.00    0.00
 139384.452    -1.014     0.00    0.00
 139756.222    -1.014     0.00    0.00
 140128.094    -1.014     0.00    0.00
 140500.068    -1.014     0.00    0.00
 140872.146    -1.014     0.00    0.00
 141244.326    -1.014     0.00    0.00
 141616.609    -1.014     0.00    0.00
 141988.995    -1.014     0.00    0.00
 142361.484    -1.014     0.00    0.00
 142734.076    -1.014     0.00    0.00
 143106.771    -1.014     0.00    0.00
 143479.569    -1.014     0.00    0.00
 143852.471    -1.014     0.00    0.00
 144225.476    -1.014     0.00    0.00
 144598.585    -1.014     0.00    0.00
 144971.797    -1.014     0.00    0.00
 145345.113    -1.014     0.00    0.00
 145718.533    -1.014     0.00    0.00
 146092.057    -1.014     0.00    0.00
 146465.685    -1.014     0.00    0.00
 146839.417    -1.014     0.00    0.00
 147213.253    -1.014     0.00    0.00
 147587.193    -1.014     0.00    0.00
 147961.237    -1.014     0.00    0.00
 148335.386    -1.014     0.00    0.00
 148709.640    -1.014     0.00    0.00
 149083.998    -1.014     0.00    0.00
 149458.461    -1.014     0.00    0.00
 149833.028    -1.014     0.00    0.00
 150207.701    -1.014     0.00    0.00
