# NaN NaN NaN ;Mean Elev.(m), Avg Gradient(m/km), RMS Gradient(m/km) - SRTM1     
#   -7.560  -2.111   5.847 ;Mean Elev.(m), Avg Gradient(m/km), RMS Gradient(m/km) - ASTER GDEM
#    5.965  -1.554   4.266 ;Mean Elev.(m), Avg Gradient(m/km), RMS Gradient(m/km) - GMTED2010 
  7 113.563270  72.205810     3.979     3.979  2 52467.17838319 24.645
 10 113.568204  72.206507     9.586     9.586  2 52572.17839752 18.701
 11 113.558198  72.205436     9.427     9.373  3 52607.17835543 13.876
 13 113.556418  72.205626     8.646     8.807  3 52677.17834041 13.364
 20 113.551852  72.206929     2.665     2.665  2 52922.17845692 38.065
 23 113.557485  72.206341     8.547     8.547  2 53027.17840909 12.588
 25 113.546481  72.207339     8.045     8.022  3 53097.17844135 10.614
 28 113.568905  72.206734     4.903     4.903  2 53202.17849244 48.417
 29 113.560088  72.205651     3.530     3.449  3 53237.17846198 27.947
 31 113.569539  72.206055    10.348    10.467  3 53307.17848283 15.398
 33 113.548201  72.207031     9.242     9.230  3 53377.17838531 11.732
 34 113.572705  72.206887    10.727    10.727  2 53412.17842525 10.665
 36 113.568859  72.205430     9.975     9.975  2 53482.17849564  8.600
 37 113.567608  72.208187    37.437    37.437  2 53517.17849695 11.496
 38 113.556175  72.205883    10.035    10.035  2 53552.17851855 22.588
 39 113.559564  72.205924    10.035    10.826  3 53587.17847207 20.387
 42 113.555877  72.205760     9.992     9.857  3 53692.17845178 13.575
 43 113.547784  72.207778     8.354     8.299  3 53727.17837517 14.098
 45 113.556269  72.206763     5.861     5.861  2 53797.17834122 13.625
 48 113.566743  72.206061     9.465     9.465  2 53902.17842957 50.513
 49 113.557774  72.206144     2.335     2.335  2 53937.17846786 29.175
 50 113.553026  72.207534     4.044     4.115  3 53972.17843249 26.236
 53 113.556846  72.205883     9.344     9.344  2 54077.17843703 11.870
 54 113.545391  72.209151     9.386     9.386  2 54112.17837662  9.762
 56 113.546592  72.207635     9.500     9.452  3 54182.17836469  7.197
 58 113.569658  72.206697    12.699    12.553  3 54252.17841316 33.743
 59 113.563628  72.206035     3.147     3.147  2 54287.17841858 30.519
 60 113.566503  72.206118     4.608     4.608  2 54322.17841566 24.608
 61 113.548103  72.207109     4.616     4.648  3 54357.17837496 45.205
 62 113.568263  72.205716     2.290     2.290  2 54392.17835621 32.917
 63 113.556747  72.205166     9.847     9.660  3 54427.17832524 12.360
 65 113.558014  72.205741     9.913     9.732  3 54497.17833304  9.636
 67 113.549599  72.207714     9.499     9.330  3 54567.17833792  6.357
 68 113.569096  72.205632    10.466    10.406  3 54602.17834224  8.115
 69 113.563397  72.206274    10.527    10.062  3 54637.17835381 24.469
 70 113.559764  72.205611     4.635     4.639  3 54672.17835740 52.514
 71 113.555923  72.206665    10.341    10.341  2 54707.17831699 19.294
 72 113.574054  72.206839     2.137     2.137  2 54742.17832168 38.597
 73 113.560543  72.206484     7.088     7.088  2 54777.17829834 16.750
 75 113.557327  72.206964     9.057     8.683  3 54847.17829856 10.269
 76 113.570934  72.205664    10.039    10.039  2 54882.17831880  8.710
 77 113.548441  72.208263     9.094     9.094  2 54917.17830161  8.534
 78 113.571146  72.206619     7.076     8.183  3 54952.17831226 10.333
 79 113.568451  72.206673    12.419    12.342  3 54987.17833679 35.302
 80 113.563653  72.206565     4.089     4.027  3 55022.17832952 48.210
 81 113.560941  72.205781     1.859     1.859  2 55057.17832588 29.413
 82 113.548724  72.206700     4.122     4.122  2 55092.17828254 46.242
 83 113.569625  72.206047     1.954     1.954  2 55127.17826549 30.909
 84 113.557982  72.206281     9.652     9.785  3 55162.17824382 14.908
 86 113.552442  72.207555     5.766     5.766  2 55232.17824754 15.358
 87 113.570229  72.206340     7.539     7.539  2 55267.17825123 13.566
 88 113.550087  72.206918     5.134     4.448  3 55302.17822816 15.250
 89 113.564043  72.206703     8.705     8.578  3 55337.17822568 29.967
 90 113.563013  72.205948    10.892    10.892  2 55372.17821575 19.837
 92 113.561813  72.206584     6.938     4.669  3 55442.17823476 22.000
 93 113.547735  72.207200     2.100     2.100  2 55477.17817622 37.218
