# NaN NaN NaN ;Mean Elev.(m), Avg Gradient(m/km), RMS Gradient(m/km) - SRTM1     
#   14.732  -0.185   1.943 ;Mean Elev.(m), Avg Gradient(m/km), RMS Gradient(m/km) - ASTER GDEM
#    1.183  -0.029   2.446 ;Mean Elev.(m), Avg Gradient(m/km), RMS Gradient(m/km) - GMTED2010 
  7 113.536707  72.922536     3.196     3.803  3 52470.18222121 31.766
  8 113.535627  72.923619   300.823   301.817  4 52505.18220440 30.362
 10 113.538988  72.921220     0.009    -0.002  3 52575.18223296 20.880
 11 113.533986  72.922483    -0.070    -0.094  4 52610.18219360 17.518
 13 113.537533  72.922269    -0.252    -0.118  3 52680.18215948 18.417
 15 113.537634  72.932752     1.481     0.615  9 52750.18223214 14.503
 20 113.533217  72.928575     0.591     0.601  7 52925.18228527 25.558
 23 113.533590  72.927568     0.800     0.665  6 53030.18225074 12.747
 25 113.532464  72.929287     1.872     1.535  8 53100.18226379  9.934
 28 113.540552  72.922087     4.733     4.733  2 53205.18232765 24.487
 29 113.536232  72.923288     3.628     4.407  4 53240.18229562 34.454
 31 113.542933  72.921605    -0.121    -0.121  2 53310.18230987 22.875
 32 113.536023  72.922819     0.296     0.352  4 53345.18227598 20.427
 36 113.541087  72.921172     0.202     0.202  2 53485.18233251 14.200
 37 113.541562  72.922168     0.279     0.319  3 53520.18232779 21.344
 38 113.535161  72.923016     4.982     4.923  5 53555.18235112 32.991
 39 113.535329  72.922502     4.814     4.828  4 53590.18229439 28.615
 42 113.534113  72.923901     0.441     0.419  5 53695.18227541 19.567
 43 113.529686  72.925751    -0.296    -0.303  6 53730.18219808 22.614
 45 113.534473  72.924589     0.092     0.065  5 53800.18216969 16.144
 48 113.541449  72.920940     5.022     5.022  2 53905.18226723 31.961
 49 113.534078  72.922096     3.603     4.264  4 53940.18229955 28.044
 50 113.529614  72.925296     3.647     3.656  6 53975.18225735 35.378
 53 113.533864  72.923393     0.231     0.273  5 54080.18226532 15.290
 54 113.537285  72.932359     0.089     0.000  9 54115.18219852 13.662
 56 113.530996  72.927757     1.255     1.293  7 54185.18219058  8.807
 58 113.540506  72.921200     2.932     2.932  2 54255.18224651 38.271
 59 113.543369  72.922400     4.871     4.871  2 54290.18224873 29.693
 60 113.539200  72.921303     4.842     4.685  3 54325.18224662 25.660
 61 113.535415  72.930656     4.079     4.812  8 54360.18219862 32.045
 63 113.532424  72.923366     0.027    -0.040  5 54430.18215012 16.617
 65 113.536530  72.923258     0.559     0.735  4 54500.18216184 12.764
 67 113.529544  72.924939     2.311     1.984  6 54570.18216465 10.635
 69 113.536888  72.922057     5.097     5.006  3 54640.18218527 29.315
 70 113.536558  72.920671     4.824     4.878  3 54675.18218783 24.490
 71 113.532820  72.925126     0.476     0.454  5 54710.18214376 52.577
 73 113.537327  72.921992    -0.103    -0.203  3 54780.18212843 19.471
 75 113.534880  72.923227     0.541     0.543  5 54850.18212680 22.154
 77 113.535317  72.931863     0.515     0.492  9 54920.18212703 17.240
 79 113.540223  72.921238     5.269     5.269  2 54990.18217066 34.999
 80 113.534907  72.921489     4.747     4.775  4 55025.18216215 32.818
 81 113.539277  72.921728     4.437     4.437  2 55060.18215596 23.011
 82 113.533098  72.929624     3.058     3.060  8 55095.18210658 30.766
 84 113.535964  72.922391     0.115     0.119  3 55165.18206963 20.200
 86 113.532283  72.924962     0.293     0.335  5 55235.18207501 21.036
 87 113.543660  72.922344     0.153     0.153  2 55270.18208413 15.939
 88 113.532092  72.927587     0.130     0.151  7 55305.18205538 19.123
 89 113.539899  72.920649     0.546     0.546  2 55340.18205591 37.670
 90 113.535955  72.922071     5.097     5.027  4 55375.18204814 29.258
 92 113.540193  72.922774     4.771     4.402  3 55445.18206418 29.957
 93 113.532741  72.930523     0.509     0.477  9 55480.18199812 43.799
