# NaN NaN NaN ;Mean Elev.(m), Avg Gradient(m/km), RMS Gradient(m/km) - SRTM1     
#   -7.560  -2.111   5.847 ;Mean Elev.(m), Avg Gradient(m/km), RMS Gradient(m/km) - ASTER GDEM
#    5.965  -1.554   4.266 ;Mean Elev.(m), Avg Gradient(m/km), RMS Gradient(m/km) - GMTED2010 
  7     3.341 52467.17838286 25.84 113.566010  72.207260  8.942
  7     4.616 52467.17838351 22.99 113.560530  72.204360  8.942
 10    10.414 52572.17839719 19.15 113.570939  72.207952  6.574
 10     8.757 52572.17839784 18.20 113.565469  72.205062  6.574
 11    10.214 52607.17835479 14.37 113.563675  72.208336  4.113
 11     8.694 52607.17835543 13.97 113.558195  72.205436  4.113
 11     9.373 52607.17835607 13.21 113.552725  72.202536  4.113
 13     8.834 52677.17833977 13.76 113.561895  72.208526  3.800
 13     8.295 52677.17834041 13.46 113.556415  72.205626  3.800
 13     8.807 52677.17834106 12.82 113.550945  72.202726  3.800
 20     2.630 52922.17845659 39.02 113.554587  72.208379 17.506
 20     2.699 52922.17845724 36.84 113.549117  72.205479 17.506
 23     9.004 53027.17840877 12.43 113.560220  72.207790  4.173
 23     8.091 53027.17840942 12.74 113.554750  72.204892  2.799
 25     7.712 53097.17844071 11.56 113.551958  72.210236  3.437
 25     8.402 53097.17844135 10.12 113.546478  72.207336  3.437
 25     8.022 53097.17844200  9.98 113.541008  72.204446  3.437
 28     4.987 53202.17849212 49.82 113.571645  72.208184 28.437
 28     4.818 53202.17849276 46.33 113.566165  72.205284 28.437
 29     3.729 53237.17846134 25.36 113.565558  72.208551 19.473
 29     3.449 53237.17846198 29.13 113.560088  72.205651 19.473
 29     3.413 53237.17846263 28.50 113.554618  72.202751 19.473
 31    11.062 53307.17848218 15.46 113.575019  72.208955  3.797
 31    10.467 53307.17848283 15.90 113.569539  72.206055  3.797
 31     9.515 53307.17848347 14.76 113.564059  72.203155  3.797
 33     9.483 53377.17838466 12.12 113.553678  72.209931  3.255
 33     9.230 53377.17838531 11.71 113.548198  72.207031  3.255
 33     9.012 53377.17838595 11.33 113.542728  72.204131  3.255
 34    11.044 53412.17842493 10.72 113.575445  72.208337  3.159
 34    10.409 53412.17842558 10.61 113.569965  72.205437  3.159
 36    10.212 53482.17849531  8.56 113.571599  72.206880  2.674
 36     9.738 53482.17849596  8.64 113.566119  72.203980  2.674
 37    37.338 53517.17849663  9.90 113.570348  72.209637  2.829
 37    37.537 53517.17849727 12.66 113.564868  72.206737  2.829
 38    10.382 53552.17851823 22.85 113.558915  72.207333 19.446
 38     9.688 53552.17851887 22.31 113.553435  72.204433 19.446
 39    12.329 53587.17847143 16.69 113.565041  72.208824 18.187
 39    10.826 53587.17847207 16.66 113.559561  72.205924 18.187
 39     6.949 53587.17847272 23.71 113.554091  72.203024 18.187
 42    10.602 53692.17845113 14.15 113.561354  72.208653  2.936
 42     9.857 53692.17845178 13.66 113.555874  72.205763  2.936
 42     9.517 53692.17845242 12.81 113.550404  72.202863  2.936
 43     9.046 53727.17837452 14.52 113.553257  72.210678  3.834
 43     8.299 53727.17837517 14.35 113.547787  72.207778  3.834
 43     7.716 53727.17837581 13.33 113.542307  72.204878  3.834
 45     5.626 53797.17834090 14.07 113.559004  72.208213  3.629
 45     6.097 53797.17834155 13.13 113.553534  72.205313  3.629
 48     9.446 53902.17842925 50.68 113.569478  72.207506 30.520
 48     9.484 53902.17842989 50.34 113.564008  72.204616 30.520
 49     2.194 53937.17846753 30.80 113.560514  72.207594 15.856
 49     2.475 53937.17846818 26.55 113.555034  72.204694 15.856
 50     4.115 53972.17843184 29.10 113.558503  72.210434 12.602
 50     3.879 53972.17843249 22.60 113.553023  72.207534 12.602
 50     4.139 53972.17843313 24.25 113.547553  72.204634 12.602
 53     8.926 54077.17843670 12.51 113.559586  72.207333  2.868
 53     9.763 54077.17843735 11.12 113.554106  72.204433  2.868
 54     9.757 54112.17837629 10.13 113.548126  72.210601  2.697
 54     9.015 54112.17837694  9.36 113.542656  72.207701  2.697
 56     9.885 54182.17836405  7.45 113.552062  72.210535  2.098
 56     9.452 54182.17836469  7.08 113.546592  72.207635  2.098
 56     9.164 54182.17836534  7.05 113.541122  72.204735  2.098
 58    13.040 54252.17841252 26.28 113.575135  72.209597 15.952
 58    12.553 54252.17841316 31.66 113.569655  72.206697 15.952
 58    12.505 54252.17841381 37.17 113.564185  72.203797 15.952
 59     3.281 54287.17841825 26.99 113.566363  72.207485 11.152
 59     3.014 54287.17841890 32.44 113.560893  72.204585 11.152
 60     4.608 54322.17841534 24.04 113.569243  72.207568  9.920
 60     4.608 54322.17841598 25.11 113.563763  72.204668  9.920
 61     4.675 54357.17837432 42.99 113.553573  72.210009 11.934
 61     4.648 54357.17837496 45.14 113.548103  72.207109 11.934
 61     4.523 54357.17837561 46.71 113.542633  72.204209 11.934
 62     2.328 54392.17835589 34.76 113.570999  72.207166 13.241
 62     2.252 54392.17835653 29.65 113.565527  72.204267  4.722
 63    10.497 54427.17832459 13.16 113.562218  72.208065  3.634
 63     9.384 54427.17832524 12.36 113.556748  72.205165  3.634
 63     9.660 54427.17832588 11.38 113.551275  72.202268  2.494
 65    10.377 54497.17833239  9.95 113.563484  72.208634  2.783
 65     9.630 54497.17833304  9.26 113.558014  72.205744  2.783
 65     9.732 54497.17833368  9.67 113.552544  72.202844  2.783
 67     9.991 54567.17833728  6.69 113.555069  72.210611  2.648
 67     9.176 54567.17833792  6.48 113.549599  72.207711  2.648
 67     9.330 54567.17833857  5.86 113.544129  72.204821  2.648
 68    11.076 54602.17834159  7.28 113.574573  72.208532  3.891
 68     9.916 54602.17834224  7.54 113.569093  72.205632  3.891
 68    10.406 54602.17834288  9.25 113.563623  72.202732  3.891
 69    11.505 54637.17835316 24.54 113.568877  72.209174 20.613
 69    10.062 54637.17835381 23.17 113.563397  72.206274 20.613
 69    10.014 54637.17835445 25.41 113.557917  72.203374 20.613
 70     4.639 54672.17835676 54.55 113.565241  72.208511 26.130
 70     4.752 54672.17835740 51.85 113.559761  72.205611 26.130
 70     4.515 54672.17835805 49.87 113.554291  72.202711 26.130
 71    10.742 54707.17831667 19.11 113.558663  72.208115 17.475
 71     9.940 54707.17831731 19.47 113.553183  72.205215 17.475
 72     2.126 54742.17832136 40.70 113.576794  72.208289 25.640
 72     2.147 54742.17832201 34.36 113.571314  72.205389 25.640
 73     6.357 54777.17829802 16.81 113.563283  72.207934  3.897
 73     7.819 54777.17829866 16.69 113.557803  72.205034  3.897
 75    10.060 54847.17829791 10.10 113.562804  72.209864  3.784
 75     8.683 54847.17829856 10.45 113.557324  72.206964  3.784
 75     8.427 54847.17829920 10.25 113.551854  72.204064  3.784
 76    10.608 54882.17831848  8.08 113.573674  72.207114  2.792
 76     9.470 54882.17831913  9.26 113.568194  72.204214  2.792
 77     9.220 54917.17830129  8.80 113.551176  72.209713  2.873
 77     8.969 54917.17830193  8.25 113.545706  72.206813  2.873
 78     8.895 54952.17831162  9.00 113.576623  72.209519  4.903
 78     8.183 54952.17831226  9.91 113.571143  72.206619  4.903
 78     4.151 54952.17831291 11.66 113.565673  72.203719  4.903
 79    12.342 54987.17833614 38.26 113.573931  72.209573 21.551
 79    12.725 54987.17833679 28.99 113.568451  72.206673 21.551
 79    12.191 54987.17833743 34.28 113.562971  72.203773 21.551
 80     4.305 55022.17832887 47.00 113.569130  72.209465 23.519
 80     3.936 55022.17832952 51.62 113.563650  72.206565 23.519
 80     4.027 55022.17833016 35.25 113.558180  72.203665 23.519
 81     1.966 55057.17832556 27.18 113.563681  72.207231 20.097
 81     1.752 55057.17832620 30.88 113.558201  72.204331 20.097
 82     4.150 55092.17828222 48.00 113.551459  72.208150 23.985
 82     4.093 55092.17828286 43.24 113.545989  72.205250 23.985
 83     2.049 55127.17826517 31.30 113.572365  72.207497 13.438
 83     1.860 55127.17826581 30.48 113.566885  72.204597 13.438
 84     9.785 55162.17824317 15.19 113.563459  72.209181  3.432
 84     9.869 55162.17824382 14.97 113.557979  72.206281  3.432
 84     9.301 55162.17824446 14.54 113.552509  72.203381  3.432
 86     7.044 55232.17824722 13.53 113.555177  72.209005  4.053
 86     4.488 55232.17824787 16.64 113.549707  72.206105  4.053
 87     8.001 55267.17825090 13.64 113.572969  72.207790  3.259
 87     7.077 55267.17825155 13.49 113.567489  72.204890  3.259
 88     7.057 55302.17822751 13.77 113.555564  72.209818  4.487
 88     3.898 55302.17822816 15.94 113.550084  72.206918  4.487
 88     4.448 55302.17822880 15.73 113.544614  72.204018  4.487
 89    11.268 55337.17822504 24.96 113.569520  72.209603 11.108
 89     8.578 55337.17822568 25.19 113.564040  72.206703 11.108
 89     6.270 55337.17822633 33.68 113.558570  72.203803 11.108
 90    11.210 55372.17821543 19.44 113.565748  72.207398 18.075
 90    10.574 55372.17821607 20.20 113.560278  72.204498 18.075
 92    11.950 55442.17823412 18.53 113.567290  72.209484 17.784
 92     4.195 55442.17823476 23.10 113.561810  72.206584 17.784
 92     4.669 55442.17823541 23.01 113.556340  72.203684 17.784
 93     2.148 55477.17817590 36.11 113.550470  72.208645 15.422
 93     2.052 55477.17817655 38.10 113.545000  72.205755 15.422
