-108295.641    11.281     0.00    2.60
-107916.289    12.838     4.11    2.73
-107537.045    13.824     2.60    2.04
-107157.907    14.455     1.66    2.62
-106778.875    15.664     3.19    2.82
-106399.951    18.105     6.44    5.01
-106021.132    21.581     9.18    7.01
-105642.421    26.436    12.82    7.33
-105263.815    29.556     8.24    5.31
-104885.316    30.754     3.17    4.87
-104506.923    28.926    -4.83    5.75
-104128.636    27.406    -4.02    5.16
-103750.455    27.155    -0.66    3.28
-103372.380    29.152     5.28    4.76
-102994.411    31.646     6.60    6.08
-102616.548    34.806     8.36    7.04
-102238.790    35.567     2.02    6.58
-101861.138    33.600    -5.21    7.26
-101483.591    31.185    -6.40    6.56
-101106.149    28.603    -6.84    4.72
-100728.813    28.106    -1.32    5.22
-100351.582    29.691     4.20    6.14
 -99974.456    32.617     7.76    5.85
 -99597.435    35.215     6.89    6.41
 -99220.519    38.955     9.92    7.93
 -98843.708    43.896    13.11    7.35
 -98467.001    48.679    12.70    7.82
 -98090.399    53.458    12.69    8.93
 -97713.902    56.321     7.60    9.26
 -97337.509    56.537     0.58   10.23
 -96961.221    52.868    -9.75   11.04
 -96585.037    48.114   -12.64    9.04
 -96208.957    45.624    -6.62    7.13
 -95832.981    45.254    -0.98    7.00
 -95457.110    52.553    19.42   15.13
 -95081.342    63.970    30.38   19.50
 -94705.678    74.380    27.71   15.54
 -94330.118    77.619     8.63   10.71
 -93954.661    75.352    -6.04   10.65
 -93579.308    71.611    -9.97    8.72
 -93204.059    72.586     2.60    7.93
 -92828.913    74.000     3.77    8.60
 -92453.871    70.182   -10.18   13.45
 -92078.931    59.564   -28.32   18.30
 -91704.095    45.774   -36.79   16.21
 -91329.362    36.343   -25.17    9.84
 -90954.732    33.947    -6.40    8.28
 -90580.205    38.820    13.01   10.60
 -90205.781    46.242    19.82    8.56
 -89831.459    50.188    10.54    6.43
 -89457.240    51.820     4.36    4.73
 -89083.124    49.570    -6.01    5.57
 -88709.110    45.740   -10.24    6.84
 -88335.198    41.752   -10.67    7.30
 -87961.389    37.530   -11.30    8.60
 -87587.682    32.634   -13.10   10.03
 -87214.078    28.030   -12.32    9.37
 -86840.575    22.818   -13.95    7.27
 -86467.174    19.461    -8.99    4.60
 -86093.875    17.864    -4.28    4.10
 -85720.678    16.539    -3.55    3.48
 -85347.583    15.527    -2.71    3.92
 -84974.589    14.098    -3.83    4.32
 -84601.697    13.016    -2.90    4.32
 -84228.906    13.545     1.42    6.84
 -83856.217    16.278     7.33    8.92
 -83483.629    17.952     4.49   10.18
 -83111.142    16.500    -3.90   10.45
 -82738.757    14.173    -6.25    9.17
 -82366.472    11.677    -6.70    6.08
 -81994.288    13.233     4.18    6.13
 -81622.206    15.970     7.36    7.02
 -81250.224    18.930     7.96    5.75
 -80878.343    18.136    -2.13    5.79
 -80506.562    18.292     0.42    5.86
 -80134.882    18.992     1.88    5.56
 -79763.302    19.306     0.84    4.91
 -79391.823    19.760     1.22    4.65
 -79020.444    16.303    -9.31    5.52
 -78649.166    14.144    -5.82    4.38
 -78277.987    15.189     2.82    5.37
 -77906.909    16.338     3.10    5.72
 -77535.930    17.632     3.49    4.92
 -77165.052    17.210    -1.14    4.10
 -76794.273    16.689    -1.40    4.61
 -76423.594    19.659     8.01    6.33
 -76053.014    25.702    16.31    8.80
 -75682.535    32.462    18.25    9.19
 -75312.154    36.377    10.57    7.06
 -74941.873    37.288     2.46    6.72
 -74571.692    35.068    -6.00    7.06
 -74201.609    33.588    -4.00    5.56
 -73831.626    35.992     6.50    6.66
 -73461.742    40.083    11.06    7.92
 -73091.957    43.631     9.60    7.12
 -72722.271    44.000     1.00    6.40
 -72352.683    41.321    -7.25    6.36
 -71983.195    36.854   -12.09    7.08
 -71613.805    31.444   -14.64    7.62
 -71244.514    28.783    -7.21    7.10
 -70875.321    28.449    -0.91    7.34
 -70506.227    29.094     1.75    7.19
 -70137.231    28.008    -2.94    7.50
 -69768.333    24.677    -9.03    9.17
 -69399.533    18.377   -17.08    9.37
 -69030.832    12.098   -17.03    9.36
 -68662.229     6.859   -14.21    8.39
 -68293.723     2.891   -10.77    7.37
 -67925.316    -0.053    -7.99    4.95
 -67557.006    -1.608    -4.22    1.78
 -67188.794    -2.000    -1.07    0.00
 -66820.680    -2.000     0.00    0.00
 -66452.663    -2.000     0.00    0.00
 -66084.744    -1.515     1.32    1.87
 -65716.922    -0.263     3.40    3.47
 -65349.197     1.587     5.03    4.60
 -64981.570     3.431     5.01    5.01
 -64614.040     5.242     4.93    4.78
 -64246.607     6.569     3.61    3.85
 -63879.271     7.208     1.74    2.03
 -63512.032     7.970     2.08    1.70
 -63144.889     8.571     1.64    1.68
 -62777.844     9.100     1.44    1.81
 -62410.895     9.780     1.85    1.55
 -62044.043     9.859     0.22    1.41
 -61677.288     9.369    -1.34    1.30
 -61310.629     8.831    -1.47    1.48
 -60944.066     8.766    -0.18    1.46
 -60577.599     8.369    -1.08    1.52
 -60211.229     7.848    -1.42    1.70
 -59844.955     7.389    -1.25    2.03
 -59478.778     6.892    -1.36    2.20
 -59112.696     5.954    -2.56    2.78
 -58746.710     4.856    -3.00    2.86
 -58380.820     4.398    -1.25    2.57
 -58015.025     4.443     0.12    2.78
 -57649.327     5.787     3.68    3.05
 -57283.724     7.814     5.54    2.69
 -56918.217     9.358     4.23    2.64
 -56552.805    10.031     1.84    2.38
 -56187.488    10.146     0.32    2.48
 -55822.267    10.654     1.39    3.06
 -55457.141    11.869     3.33    4.90
 -55092.110    14.433     7.02    6.36
 -54727.175    17.295     7.84    5.93
 -54362.334    18.628     3.65    5.80
 -53997.588    18.626    -0.01    6.22
 -53632.937    17.632    -2.73    5.81
 -53268.381    17.178    -1.24    4.65
 -52903.920    16.790    -1.06    2.94
 -52539.553    14.915    -5.15    4.27
 -52175.281    11.985    -8.05    6.54
 -51811.103     7.105   -13.40    6.58
 -51447.020     3.580    -9.68    5.91
 -51083.031     1.208    -6.52    4.61
 -50719.137     1.793     1.61    6.36
 -50355.336     9.046    19.94   12.17
 -49991.630    13.985    13.58   12.01
 -49628.018    17.301     9.12    9.11
 -49264.500    17.992     1.90    5.85
 -48901.075    15.504    -6.85    3.76
 -48537.745    13.750    -4.83    4.05
 -48174.508    12.938    -2.24    4.96
 -47811.365    12.311    -1.73    4.95
 -47448.315    11.124    -3.27    4.11
 -47068.427    11.682     1.47    4.23
 -46685.398    12.131     1.17    4.46
 -46302.478    13.000     2.27    4.70
 -45919.665    14.154     3.01    4.67
 -45536.961    15.317     3.04    4.89
 -45154.364    16.108     2.07    4.60
 -44771.875    16.140     0.08    4.63
 -44389.494    14.492    -4.31    4.76
 -44007.220    13.435    -2.77    5.45
 -43625.054    10.314    -8.17    5.87
 -43242.996     6.939    -8.83    4.84
 -42861.044     5.031    -4.99    3.95
 -42479.200     3.883    -3.01    2.01
 -42097.463     4.153     0.71    2.99
 -41715.833     4.089    -0.17    3.25
 -41334.310     5.055     2.53    3.15
 -40952.894     6.116     2.78    3.65
 -40571.585     7.054     2.46    3.35
 -40190.382     7.310     0.67    2.82
 -39809.286     5.800    -3.96    2.69
 -39428.297     3.808    -5.23    2.64
 -39047.413     2.579    -3.23    2.52
 -38666.637     1.488    -2.87    1.83
 -38285.966     2.008     1.36    2.65
 -37905.402     3.039     2.71    3.05
 -37524.943     3.992     2.50    2.57
 -37144.591     5.187     3.14    2.59
 -36764.345     7.209     5.32    3.47
 -36384.204     8.543     3.51    3.15
 -36004.169     8.919     0.99    3.34
 -35624.240     7.070    -4.87    4.29
 -35244.416     4.416    -6.99    3.59
 -34864.698     2.138    -6.00    2.15
 -34485.085     1.512    -1.65    1.79
 -34105.577     1.288    -0.59    1.66
 -33726.174     1.465     0.47    1.79
 -33346.877     2.081     1.62    2.09
 -32967.684     2.380     0.79    1.96
 -32588.597     2.403     0.06    1.96
 -32209.614     1.732    -1.77    1.70
 -31830.736     1.667    -0.17    1.88
 -31451.963     1.919     0.67    2.35
 -31073.294     2.752     2.20    2.48
 -30694.730     3.359     1.60    2.41
 -30316.270     4.677     3.48    2.82
 -29937.915     5.969     3.41    3.18
 -29559.663     6.706     1.95    3.10
 -29181.516     7.380     1.78    2.59
 -28803.473     6.961    -1.11    2.55
 -28425.534     5.976    -2.61    2.90
 -28047.698     5.085    -2.36    2.85
 -27669.967     4.056    -2.73    2.56
 -27292.339     2.837    -3.23    1.54
 -26914.815     2.477    -0.95    1.34
 -26537.394     2.108    -0.98    1.01
 -26160.077     2.023    -0.23    0.94
 -25782.863     2.688     1.76    1.86
 -25405.753     3.468     2.07    2.06
 -25028.745     3.569     0.27    2.03
 -24651.841     3.185    -1.02    2.09
 -24275.040     2.320    -2.30    1.51
 -23898.342     1.953    -0.98    1.12
 -23521.746     2.397     1.18    1.55
 -23145.253     2.771     0.99    1.92
 -22768.863     2.783     0.03    1.94
 -22392.576     2.277    -1.35    1.91
 -22016.391     1.853    -1.13    1.72
 -21640.309     1.694    -0.42    1.57
 -21264.329     2.140     1.19    2.34
 -20888.451     3.121     2.61    3.57
 -20512.675     3.320     0.53    4.21
 -20137.002     2.662    -1.75    4.43
 -19761.430     1.959    -1.87    4.52
 -19385.960     0.426    -4.08    2.89
 -19010.593     0.031    -1.05    1.89
 -18635.327     0.677     1.72    2.55
 -18260.162     1.570     2.38    2.91
 -17885.100     2.463     2.38    2.84
 -17510.138     2.822     0.96    2.45
 -17135.278     2.875     0.14    2.00
 -16760.520     2.927     0.14    1.66
 -16385.863     3.124     0.53    1.85
 -16011.307     3.512     1.04    2.26
 -15636.852     3.297    -0.57    2.26
 -15262.498     2.729    -1.52    2.37
 -14888.245     1.858    -2.33    1.98
 -14514.093     1.124    -1.96    0.96
 -14140.042     1.281     0.42    1.18
 -13766.091     2.320     2.78    2.29
 -13392.241     3.531     3.24    3.15
 -13018.491     5.032     4.02    3.84
 -12644.842     7.424     6.40    5.12
 -12271.294    10.742     8.88    6.35
 -11897.845    12.875     5.71    5.89
 -11524.497    12.945     0.19    5.90
 -11151.249    12.398    -1.47    6.27
 -10778.101    11.248    -3.08    6.50
 -10405.053    11.481     0.62    6.28
 -10032.104    11.363    -0.32    5.78
  -9659.256    10.430    -2.50    5.14
  -9286.507     8.364    -5.54    5.16
  -8913.858     5.717    -7.11    4.42
  -8541.309     3.836    -5.05    3.09
  -8168.859     2.750    -2.92    1.51
  -7796.508     2.424    -0.88    1.11
  -7424.256     2.264    -0.43    0.96
  -7052.104     2.352     0.24    1.25
  -6680.051     2.890     1.45    1.53
  -6308.097     3.969     2.90    1.83
  -5936.242     5.109     3.07    1.89
  -5564.486     6.054     2.54    2.25
  -5192.829     6.711     1.77    2.92
  -4821.271     7.719     2.71    3.96
  -4449.811     8.461     2.00    3.88
  -4078.450     9.587     3.03    3.88
  -3707.187    10.698     2.99    3.86
  -3336.023    10.295    -1.09    4.49
  -2964.957     8.585    -4.61    6.12
  -2593.990     5.297    -8.86    6.61
  -2223.120     1.766    -9.52    4.07
  -1852.349     0.000    -4.76    0.00
  -1481.676     0.000     0.00    0.00
  -1111.101     0.000     0.00    0.00
   -740.624     0.000     0.00    0.00
   -370.244     0.000     0.00    0.00
      0.038     0.024     0.06    0.27
    370.222     3.312     8.88    8.47
    740.308    10.354    19.03   13.50
   1110.298    19.049    23.50   14.54
   1480.189    28.134    24.56   10.96
   1849.983    33.403    14.25    5.21
   2219.680    36.092     7.27    4.09
   2589.280    38.449     6.38    4.69
   2958.783    41.023     6.97    5.45
   3328.189    44.033     8.15    5.46
   3697.497    46.946     7.89    3.62
   4066.709    48.296     3.66    3.45
   4435.824    48.467     0.46    4.71
   4804.843    48.024    -1.20    5.41
   5173.764    47.704    -0.87    5.85
   5542.590    48.651     2.57    6.51
   5911.318    51.539     7.83    7.65
   6279.950    56.333    13.01    6.97
   6648.486    60.714    11.89    4.97
   7016.926    63.008     6.22    4.81
   7385.269    63.429     1.14    6.88
   7753.516    61.211    -6.02    8.35
   8121.668    58.110    -8.42    7.98
   8489.723    53.333   -12.98    6.54
   8857.682    49.488   -10.45    5.64
   9225.546    45.811   -10.00    5.51
   9593.314    41.487   -11.76    5.94
   9960.986    37.465   -10.94    5.35
  10328.562    35.976    -4.05    4.71
  10696.044    37.689     4.66    6.77
  11063.429    42.659    13.53    8.61
  11430.719    47.672    13.65    7.56
  11797.914    50.480     7.65    5.92
  12165.014    51.378     2.45    5.74
  12532.019    52.333     2.60    6.12
  12898.929    55.552     8.77    7.80
  13265.743    60.180    12.62    8.34
  13632.463    65.585    14.74    6.31
  13999.088    68.477     7.89    4.49
  14365.618    67.397    -2.95    5.29
  14732.053    65.215    -5.95    5.98
  15098.394    63.031    -5.96    7.70
  15464.640    60.617    -6.59    8.87
  15830.792    58.700    -5.24   10.19
  16196.849    58.504    -0.54    9.81
  16562.812    61.190     7.34   10.16
  16928.681    65.750    12.46    9.97
  17294.456    70.389    12.68    7.84
  17660.136    72.776     6.53    5.73
  18025.723    72.400    -1.03    6.12
  18391.215    68.441   -10.83    8.62
  18756.614    64.614   -10.47    8.13
  19121.919    60.017   -12.59    5.97
  19487.130    57.230    -7.63    5.29
  19852.248    57.134    -0.26    4.79
  20217.272    58.675     4.22    5.95
  20582.202    61.109     6.67    5.26
  20947.039    62.740     4.47    3.66
  21311.783    62.983     0.67    3.49
  21676.433    60.000    -8.18    4.60
  22040.990    56.952    -8.36    5.45
  22405.454    54.083    -7.87    5.30
  22769.825    53.214    -2.38    4.02
  23134.102    54.944     4.75    4.98
  23498.287    58.610    10.07    6.48
  23862.379    63.413    13.19    7.14
  24226.379    68.298    13.42    7.94
  24590.285    73.033    13.01    7.72
  24954.099    75.817     7.65    5.57
  25317.820    75.976     0.44    4.86
  25681.449    74.447    -4.20    4.75
  26044.985    73.070    -3.79    3.72
  26408.429    71.384    -4.64    3.06
  26771.781    70.785    -1.65    3.69
  27135.040    69.859    -2.55    3.87
  27507.536    70.089     0.62    3.91
  27890.425    72.516     6.34    4.46
  28273.208    74.087     4.11    4.77
  28655.884    75.138     2.75    4.60
  29038.455    74.425    -1.86    4.53
  29420.920    72.741    -4.40    4.23
  29803.280    68.722   -10.51    6.39
  30185.534    64.144   -11.98    8.80
  30567.683    64.841     1.82   11.40
  30949.726    68.778    10.30   14.03
  31331.664    78.431    25.27   12.54
  31713.496    85.150    17.60    6.85
  32095.224    87.828     7.02    6.41
  32476.847    87.656    -0.45    8.17
  32858.364    87.056    -1.57    8.13
  33239.777    87.024    -0.08    6.20
  33621.085    83.032   -10.47    7.77
  34002.288    76.860   -16.19   10.09
  34383.387    71.921   -12.96    9.75
  34764.381    66.731   -13.62    7.18
  35145.271    62.792   -10.34    7.51
  35526.056    58.065   -12.41    8.87
  35906.738    53.672   -11.54    8.85
  36287.315    51.897    -4.66    8.84
  36667.788    52.763     2.28    9.35
  37048.156    57.095    11.39   10.21
  37428.422    61.172    10.72    9.12
  37808.583    61.854     1.79    8.49
  38188.640    63.532     4.42    9.45
  38568.594    65.767     5.88   10.41
  38948.444    67.811     5.38   10.42
  39328.191    71.805    10.52    7.28
  39707.834    70.714    -2.87    6.35
  40087.374    66.766   -10.40    7.78
  40466.811    59.888   -18.13    9.87
  40846.145    51.476   -22.17   11.61
  41225.375    42.424   -23.87   10.18
  41604.503    36.889   -14.60    8.19
  41983.527    35.602    -3.40    7.30
  42362.449    39.159     9.39    9.41
  42741.268    44.856    15.04    7.85
  43119.985    48.958    10.83    5.34
  43498.599    50.704     4.61    4.03
  43877.110    51.992     3.40    3.20
  44255.519    55.056     8.10    3.96
  44633.826    57.873     7.45    4.57
  45012.030    60.661     7.37    4.37
  45390.133    62.063     3.71    5.64
  45768.133    61.224    -2.22    9.09
  46146.031    60.496    -1.93   12.28
  46523.827    60.645     0.39   14.06
  46901.522    62.835     5.80   14.23
  47279.115    62.960     0.33   14.25
  47656.606    62.025    -2.48   14.02
  48033.995    59.368    -7.04   13.88
  48411.283    56.618    -7.29   13.68
  48788.470    54.556    -5.47   13.78
  49165.555    52.167    -6.34   12.77
  49542.539    51.586    -1.54   11.06
  49919.422    52.000     1.10    9.45
  50296.204    52.672     1.78    8.09
  50672.885    53.106     1.15    6.64
  51049.465    52.637    -1.24    5.95
  51425.944    50.443    -5.83    8.06
  51802.322    48.817    -4.32    8.80
  52178.600    48.789    -0.08    9.43
  52554.777    50.153     3.63   10.25
  52930.853    53.758     9.59   10.86
  53306.829    59.093    14.19   10.44
  53682.705    64.119    13.37    7.05
  54058.480    65.843     4.59    6.48
  54434.156    66.967     2.99    6.66
  54809.731    68.984     5.37    6.92
  55185.206    71.696     7.22    6.56
  55560.581    74.984     8.76    6.01
  55935.856    78.124     8.37    5.78
  56311.031    80.423     6.13    5.42
  56686.107    82.675     6.00    4.76
  57061.083    83.388     1.90    4.66
  57435.960    83.524     0.36    5.52
  57810.737    80.847    -7.14   10.90
  58185.414    74.811   -16.11   15.86
  58559.993    68.376   -17.18   17.39
  58934.472    61.525   -18.29   14.81
  59308.852    57.232   -11.47   11.08
  59683.133    55.234    -5.34    9.79
  60057.314    54.164    -2.86    9.45
  60431.397    54.516     0.94    6.94
  60805.381    56.103     4.24    5.76
  61179.267    58.728     7.02    6.41
  61553.053    61.786     8.18    5.18
  61926.741    63.667     5.03    5.15
  62300.331    64.294     1.68    5.11
  62673.822    64.786     1.32    4.45
  63047.214    66.798     5.39    4.28
  63420.508    68.862     5.53    4.65
  63793.705    72.051     8.54    4.90
  64166.802    75.352     8.85    4.49
  64539.802    78.133     7.46    3.55
  64912.704    79.715     4.24    2.90
  65285.508    79.758     0.11    2.90
  65658.214    77.784    -5.30    4.09
  66030.823    76.976    -2.17    3.86
  66403.333    77.228     0.68    4.00
  66775.746    79.250     5.43    4.62
  67148.062    81.544     6.16    3.31
  67520.280    82.539     2.67    2.61
  67892.401    82.072    -1.26    2.82
  68264.424    81.512    -1.50    2.36
  68636.350    81.328    -0.50    2.00
  69008.179    82.097     2.07    2.41
  69379.911    83.041     2.54    2.84
  69751.546    86.210     8.53    5.62
  70123.084    89.976    10.14    7.28
  70494.526    94.544    12.30    8.27
  70865.870   101.298    18.19   11.85
  71237.118   106.164    13.11   13.17
  71608.269   109.650     9.39   11.48
  71979.324   107.088    -6.90    9.92
  72350.282   104.909    -5.87    7.51
  72721.144   102.384    -6.81    7.14
  73091.909   103.056     1.81    8.44
  73462.578   107.172    11.10    9.70
  73833.151   113.403    16.81    9.93
  74203.628   120.195    18.33   10.12
  74574.009   126.959    18.26   10.01
  74944.294   134.339    19.93   13.95
  75314.484   140.758    17.34   17.26
  75684.577   145.694    13.33   19.24
  76054.575   150.782    13.75   20.03
  76424.477   152.557     4.80   18.56
  76794.283   151.323    -3.34   16.55
  77163.994   148.311    -8.14   14.91
  77533.610   138.792   -25.75   13.32
  77903.130   132.566   -16.85   11.76
  78272.555   128.117   -12.04    8.14
  78641.885   130.008     5.12    8.75
  79011.119   137.098    19.20   11.60
  79380.259   147.400    27.91   11.96
  79749.304   159.073    31.63   12.91
  80118.253   170.016    29.66   13.62
  80487.108   182.432    33.66   12.89
  80855.868   191.500    24.59   11.40
  81224.534   198.700    19.53   10.71
  81593.105   205.444    18.30   12.83
  81961.581   211.561    16.60   16.78
  82329.963   217.595    16.38   19.14
  82698.251   220.121     6.86   17.25
  83066.444   219.590    -1.44   13.91
  83434.543   216.415    -8.62   10.24
  83802.548   211.298   -13.90    9.18
  84170.458   204.425   -18.68    8.19
  84538.275   199.488   -13.42    8.47
  84905.998   195.065   -12.03    9.48
  85273.626   189.060   -16.33   11.65
  85641.161   184.455   -12.53   11.57
  86008.603   181.488    -8.07   10.12
  86375.950   180.263    -3.33    8.35
  86743.204   178.309    -5.32    9.05
  87110.365   177.697    -1.67    9.48
  87477.432   177.647    -0.14    9.24
  87844.406   178.508     2.35    8.32
  88211.286   180.197     4.60    7.84
  88578.073   183.810     9.85    8.97
  88944.767   187.780    10.83   10.52
  89311.368   192.225    12.12   12.95
  89677.876   197.528    14.47   14.50
  90044.291   203.764    17.02   14.09
  90410.613   211.452    20.99   14.09
  90776.843   218.740    19.90   16.26
  91142.979   219.779     2.84   17.99
  91509.023   218.330    -3.96   19.14
  91874.974   221.240     7.95   19.64
  92240.833   228.785    20.62   22.91
  92606.600   242.860    38.48   22.13
  92972.274   253.557    29.25   15.42
  93337.855   258.342    13.09   13.21
  93703.345   256.902    -3.94   17.60
  94068.742   257.387     1.33   19.77
  94434.047   262.227    13.25   23.18
  94799.260   269.967    21.19   22.65
  95164.381   275.390    14.85   18.52
  95529.411   274.395    -2.73   18.48
  95894.348   269.041   -14.67   19.54
  96259.194   264.341   -12.88   18.65
  96623.948   258.897   -14.93   17.83
  96988.610   257.361    -4.21   17.77
  97353.181   253.762    -9.87   18.27
  97717.660   253.966     0.56   17.61
  98082.048   252.672    -3.55   15.73
  98446.345   249.867    -7.70   14.71
  98810.550   246.496    -9.25   15.01
  99174.665   239.573   -19.01   16.78
  99538.688   229.283   -28.26   17.75
  99902.620   212.483   -46.16   22.33
 100266.461   193.426   -52.37   26.49
 100630.211   175.521   -49.22   26.41
 100993.870   157.322   -50.04   21.93
 101357.439   143.115   -39.08   15.70
 101720.916   131.767   -31.22   14.52
 102086.506   121.545   -27.96   15.12
 102469.243   112.008   -24.92   15.26
 102851.876   102.723   -24.27   13.29
 103234.406    95.463   -18.98   10.90
 103616.832    88.991   -16.92    8.10
 103999.154    86.423    -6.72    8.28
 104381.373    88.103     4.40   11.00
 104763.489    92.171    10.64   10.74
 105145.501    95.417     8.50    8.99
 105527.411    95.717     0.79    7.46
 105909.217    92.180    -9.26    8.87
 106290.920    87.229   -12.97    9.42
 106672.521    81.099   -16.06   10.81
 107054.018    73.351   -20.31   11.16
 107435.413    67.058   -16.50    9.50
 107816.705    61.508   -14.55    7.53
 108197.895    60.325    -3.10    6.14
 108578.982    61.934     4.22    8.65
 108959.967    67.336    14.18   11.44
 109340.849    72.512    13.59    9.67
 109721.629    75.684     8.33    5.92
 110102.307    72.459    -8.47    6.86
 110482.883    69.607    -7.49    6.07
 110863.357    67.320    -6.01    7.24
 111243.729    66.158    -3.05    7.51
 111623.999    68.058     5.00    7.59
 112004.167    67.918    -0.37    7.01
 112384.234    68.605     1.81    6.11
 112764.199    64.943    -9.64    7.92
 113144.063    58.678   -16.49    7.79
 113523.825    52.967   -15.04    8.02
 113903.485    48.983   -10.49    5.16
 114283.045    47.183    -4.74    4.19
 114662.503    46.711    -1.25    5.99
 115041.861    46.795     0.22    7.58
 115421.117    45.738    -2.79    7.73
 115800.272    45.287    -1.19    7.52
 116179.326    44.213    -2.83    6.11
 116558.280    44.150    -0.17    5.04
 116937.133    44.867     1.89    3.06
 117315.885    42.902    -5.19    4.27
 117694.537    40.623    -6.02    5.22
 118073.088    37.180    -9.09    4.84
 118451.539    32.812   -11.54    4.73
 118829.889    29.787    -7.99    5.66
 119208.140    28.117    -4.42    5.11
 119586.290    26.325    -4.74    4.36
 119964.340    27.615     3.41    5.15
 120342.290    29.386     4.69    5.73
 120720.140    31.091     4.51    5.38
 121097.890    31.551     1.22    6.52
 121475.541    27.810    -9.91    8.68
 121853.092    25.066    -7.27    8.45
 122230.543    23.966    -2.91    7.99
 122607.895    23.369    -1.58    7.42
 122985.147    22.464    -2.40    7.26
 123362.300    20.803    -4.40    6.38
 123739.354    19.783    -2.70    5.00
 124116.308    18.067    -4.55    3.30
 124493.164    17.959    -0.29    2.40
 124869.920    17.982     0.06    2.34
 125246.577    18.607     1.66    2.59
 125623.136    19.246     1.70    2.51
 125999.595    19.165    -0.21    2.94
 126375.956    18.300    -2.30    4.18
 126752.218    17.765    -1.42    4.57
 127128.382    17.164    -1.60    5.34
 127504.447    17.277     0.30    6.29
 127880.414    21.295    10.69    8.15
 128256.282    25.017     9.90    8.03
 128632.052    30.311    14.09    3.77
 129007.724    30.835     1.39    3.20
 129383.297    29.754    -2.88    3.90
 129758.773    27.750    -5.34    3.72
 130134.151    26.280    -3.92    2.43
 130509.431    27.842     4.16    3.71
 130884.612    27.992     0.40    6.00
 131259.697    28.539     1.46    7.11
 131634.683    30.322     4.75    6.90
 132009.572    31.966     4.38    4.50
 132384.364    33.108     3.05    2.36
 132759.057    32.554    -1.48    2.77
 133133.654    29.359    -8.53    8.20
 133508.153    28.836    -1.40   10.01
 133882.556    28.250    -1.57   10.73
 134256.861    26.270    -5.29   10.16
 134631.068    26.425     0.41    9.13
 135005.179    29.085     7.11    7.25
 135379.193    32.289     8.57    4.82
 135753.111    34.929     7.06    4.36
 136126.931    37.100     5.81    4.74
 136500.655    38.875     4.75    5.14
 136874.282    40.445     4.20    5.83
 137247.812    41.117     1.80    5.52
 137621.246    42.061     2.53    5.92
 137994.584    42.372     0.83    6.09
 138367.826    43.908     4.12    6.63
 138740.971    45.932     5.42    7.09
 139114.020    49.049     8.36    7.39
 139486.973    53.486    11.90    4.36
 139859.830    52.933    -1.48    5.52
 140232.591    51.467    -3.93    7.28
 140605.256    50.319    -3.08    7.73
 140977.825    47.692    -7.05    7.86
 141350.298    45.588    -5.65    7.72
 141722.676    44.283    -3.50    6.86
 142094.959    45.508     3.29    7.29
 142467.146    48.265     7.41    7.63
 142839.237    49.082     2.20    6.56
 143211.233    47.827    -3.37    6.91
 143583.134    47.168    -1.77    6.50
 143954.939    46.303    -2.33    5.22
 144326.650    43.185    -8.39    7.01
 144698.265    42.017    -3.14    8.30
 145069.785    39.739    -6.13    8.76
 145441.211    39.443    -0.80    9.33
 145812.542    39.900     1.23    9.28
 146183.777    39.819    -0.22    8.06
 146554.919    40.730     2.45    7.05
 146925.965    39.491    -3.34    5.91
 147296.917    37.273    -5.98    5.13
 147667.774    33.839    -9.26    5.29
 148038.538    32.274    -4.22    6.73
 148409.206    34.033     4.74   10.12
 148779.781    38.991    13.38   12.96
 149150.261    47.246    22.28   12.79
 149520.647    51.463    11.38    9.91
 149890.939    53.254     4.84    6.77
 150261.137    51.908    -3.64    7.42
 150631.241    51.555    -0.95    7.27
 151001.252    52.596     2.82    7.38
 151371.168    52.916     0.86    7.01
 151740.991    54.012     2.96    6.81
 152110.721    58.960    13.38   11.08
