-117214.710   113.712     0.00    5.94
-116837.468   118.074    11.56    6.54
-116460.126   117.212    -2.29    6.98
-116082.684   112.823   -11.63    9.73
-115705.143   108.634   -11.09    9.58
-115327.501   104.216   -11.70    5.89
-114949.759   101.549    -7.06    3.05
-114571.917   100.944    -1.60    3.76
-114193.974    99.515    -3.78    3.98
-113815.931    98.045    -3.89    4.32
-113437.788    98.317     0.72    4.49
-113059.544    99.238     2.43    4.35
-112681.199    99.393     0.41    3.56
-112302.754    95.580   -10.08    6.82
-111924.208    90.817   -12.58    7.39
-111545.561    88.377    -6.44    5.81
-111166.813    88.020    -0.94    5.34
-110787.964    90.462     6.45    5.78
-110409.014    94.134     9.69    5.70
-110029.963    97.229     8.16    6.02
-109650.811    98.712     3.91    4.82
-109271.557    98.199    -1.35    5.01
-108892.202    94.126   -10.74    6.70
-108512.745    89.273   -12.79    6.43
-108133.187    85.290   -10.50    4.50
-107753.527    85.149    -0.37    5.72
-107373.765    87.790     6.95    7.60
-106993.901    90.629     7.47    6.89
-106613.936    91.953     3.49    5.55
-106233.868    92.773     2.16    4.24
-105853.698    93.323     1.44    4.08
-105473.427    94.248     2.43    4.54
-105093.053    92.897    -3.55    5.74
-104712.576    89.652    -8.53    6.95
-104331.997    87.293    -6.20    6.28
-103951.316    86.487    -2.12    4.55
-103570.532    87.864     3.61    4.57
-103189.646    90.317     6.44    3.56
-102808.656    92.220     4.99    2.31
-102427.564    92.856     1.67    2.18
-102046.369    92.936     0.21    2.64
-101665.071    93.204     0.70    2.80
-101283.670    93.496     0.77    2.59
-100902.166    94.230     1.92    2.50
-100520.559    95.003     2.02    2.60
-100138.848    94.545    -1.20    3.20
 -99757.034    92.482    -5.40    4.27
 -99375.116    89.987    -6.53    4.33
 -98993.095    88.175    -4.74    3.45
 -98610.970    88.804     1.65    3.93
 -98228.741    92.922    10.77    5.90
 -97846.409    96.511     9.39    6.53
 -97463.972    98.601     5.47    5.76
 -97081.432    98.118    -1.26    5.94
 -96698.787    94.945    -8.29    5.71
 -96330.718    91.019   -10.67    4.69
 -95967.399    87.417    -9.91    4.44
 -95603.988    83.745   -10.10    4.43
 -95240.487    80.767    -8.19    3.24
 -94876.894    78.433    -6.42    2.86
 -94513.211    75.686    -7.55    3.54
 -94149.436    71.301   -12.05    6.95
 -93785.570    65.962   -14.67    8.30
 -93421.612    61.028   -13.56    7.16
 -93057.563    60.389    -1.75    7.21
 -92693.423    63.669     9.01    9.81
 -92329.191    68.897    14.35    9.37
 -91964.867    73.790    13.43    6.59
 -91600.452    76.857     8.42    4.71
 -91235.945    78.293     3.94    3.86
 -90871.346    79.146     2.34    3.25
 -90506.656    79.886     2.03    2.64
 -90141.873    80.801     2.51    2.25
 -89776.998    81.560     2.08    2.15
 -89412.031    82.499     2.57    1.72
 -89046.972    82.954     1.25    1.34
 -88681.821    82.757    -0.54    1.78
 -88316.577    81.664    -2.99    2.43
 -87951.241    79.986    -4.59    2.91
 -87585.813    78.314    -4.57    3.53
 -87220.292    76.354    -5.36    4.06
 -86854.678    74.607    -4.78    4.05
 -86488.972    73.643    -2.64    3.82
 -86123.173    73.765     0.33    3.56
 -85757.281    73.352    -1.13    3.28
 -85391.297    72.169    -3.23    3.04
 -85025.219    68.138   -11.01    6.83
 -84659.048    60.978   -19.55   11.21
 -84292.785    52.671   -22.68   11.99
 -83926.428    45.785   -18.80    9.03
 -83559.977    40.328   -14.89    5.13
 -83193.434    38.054    -6.20    3.94
 -82826.797    37.930    -0.34    3.74
 -82460.067    37.550    -1.04    4.22
 -82093.243    39.450     5.18    6.55
 -81726.325    42.874     9.33    9.73
 -81359.314    48.090    14.21   12.66
 -80992.209    53.710    15.31   12.28
 -80625.010    58.196    12.22   11.08
 -80257.718    63.979    15.75   10.86
 -79890.331    70.832    18.65   10.01
 -79522.850    77.341    17.71    8.37
 -79155.276    81.643    11.70    7.99
 -78787.607    84.551     7.91    7.23
 -78419.844    87.162     7.10    6.03
 -78051.986    90.667     9.53    5.66
 -77684.034    92.700     5.53    3.71
 -77315.988    93.081     1.03    3.81
 -76947.847    91.347    -4.71    5.33
 -76579.611    89.726    -4.40    5.17
 -76211.281    90.643     2.49    6.29
 -75842.856    95.141    12.21    7.58
 -75474.336   100.194    13.71    7.18
 -75105.721   104.500    11.68    6.08
 -74737.012   105.583     2.94    4.65
 -74368.207   104.395    -3.22    5.16
 -73999.307   100.425   -10.76    6.25
 -73630.312    98.410    -5.46    5.86
 -73261.221    97.471    -2.55    5.20
 -72892.035    97.002    -1.27    4.53
 -72522.754    95.250    -4.75    5.50
 -72153.377    91.231   -10.88    6.55
 -71783.905    86.154   -13.74    7.50
 -71414.337    80.214   -16.07    8.45
 -71044.673    75.929   -11.59    8.33
 -70674.914    74.922    -2.72    7.29
 -70305.058    74.819    -0.28    5.93
 -69935.107    75.255     1.18    5.28
 -69565.059    74.744    -1.38    5.26
 -69194.916    72.634    -5.70    5.33
 -68824.676    69.482    -8.51    6.37
 -68454.340    66.749    -7.38    7.00
 -68083.908    63.098    -9.86    7.31
 -67713.379    57.749   -14.43    9.57
 -67342.754    49.749   -21.59   13.47
 -66972.032    41.676   -21.77   12.81
 -66601.214    36.874   -12.95    9.78
 -66230.299    37.089     0.58   11.35
 -65859.287    43.938    18.46   11.36
 -65488.178    49.742    15.64    8.04
 -65116.973    53.238     9.42    3.74
 -64745.670    52.825    -1.11    3.43
 -64374.270    51.749    -2.90    4.03
 -64002.773    49.775    -5.31    5.10
 -63631.179    47.090    -7.23    5.59
 -63259.487    45.248    -4.96    5.26
 -62887.698    43.462    -4.80    4.53
 -62515.812    40.200    -8.77    6.98
 -62143.828    35.250   -13.31   10.18
 -61771.747    31.740    -9.43    8.77
 -61399.567    30.740    -2.69    7.29
 -61027.290    33.865     8.40    7.94
 -60654.915    37.173     8.88    7.28
 -60282.442    39.321     5.77    7.71
 -59909.872    41.121     4.83    8.60
 -59537.203    43.003     5.05    8.60
 -59164.435    46.883    10.41    8.65
 -58791.570    50.858    10.66    8.90
 -58418.606    55.046    11.23    8.23
 -58045.544    57.383     6.26    7.79
 -57672.384    56.349    -2.77    7.72
 -57299.124    52.849    -9.38    8.31
 -56925.767    47.736   -13.69    6.75
 -56552.310    43.886   -10.31    6.16
 -56178.755    40.994    -7.74    9.35
 -55805.100    40.287    -1.89   11.51
 -55431.347    37.162    -8.36   13.36
 -55057.495    31.522   -15.09   14.16
 -54683.544    24.508   -18.76   12.06
 -54309.493    15.674   -23.62    9.20
 -53935.344     9.970   -15.24    5.58
 -53561.094     7.505    -6.59    3.07
 -53186.746     9.517     5.38    6.60
 -52812.298    13.930    11.78   10.19
 -52437.750    15.752     4.87   12.38
 -52063.103    15.010    -1.98   14.03
 -51688.356    10.233   -12.75   14.34
 -51313.509     5.402   -12.89    8.25
 -50938.562     6.607     3.21    7.62
 -50563.515    10.791    11.16    8.61
 -50188.368    18.581    20.76   12.17
 -49813.121    30.531    31.84   14.94
 -49437.774    43.287    33.98   16.62
 -49062.327    53.059    26.03   12.07
 -48686.779    57.125    10.82    7.40
 -48311.130    54.835    -6.09    9.80
 -47935.381    47.054   -20.71   12.59
 -47559.532    36.922   -26.96   13.24
 -47183.582    30.494   -17.10    8.93
 -46807.530    29.438    -2.81    7.99
 -46431.378    34.797    14.25   11.64
 -46055.126    44.065    24.63   11.70
 -45678.772    51.986    21.04    9.51
 -45302.317    57.580    14.86    7.19
 -44925.760    61.157     9.50    4.91
 -44549.103    61.843     1.82    3.96
 -44172.344    61.945     0.27    4.17
 -43795.483    60.858    -2.88    5.70
 -43418.522    59.605    -3.32    6.65
 -43041.458    57.728    -4.98    7.38
 -42664.293    55.652    -5.50    6.95
 -42287.026    50.792   -12.88    6.73
 -41909.657    46.353   -11.77    7.81
 -41532.186    42.510   -10.18    7.62
 -41154.613    38.458   -10.73    7.17
 -40776.939    35.067    -8.98    5.90
 -40399.161    33.470    -4.23    6.83
 -40021.282    31.089    -6.30    6.29
 -39643.300    28.639    -6.48    6.73
 -39265.216    24.320   -11.42    7.59
 -38887.030    20.795    -9.32    7.20
 -38508.740    17.212    -9.47    5.44
 -38130.348    15.438    -4.69    4.08
 -37751.854    15.180    -0.68    3.81
 -37373.256    14.913    -0.70    3.25
 -36994.555    14.946     0.09    2.92
 -36615.752    14.295    -1.72    2.94
 -36236.845    12.993    -3.44    2.15
 -35857.835    11.841    -3.04    1.92
 -35478.722    11.395    -1.18    2.36
 -35099.506    11.597     0.53    2.94
 -34720.186    11.336    -0.69    3.05
 -34340.762    11.127    -0.55    3.13
 -33961.235    10.326    -2.11    3.12
 -33581.604     9.168    -3.05    2.25
 -33201.870     9.637     1.23    2.53
 -32822.031    10.360     1.90    3.19
 -32442.089     9.104    -3.31    4.34
 -32062.043     7.554    -4.08    5.67
 -31681.892     4.899    -6.98    5.54
 -31301.637     2.637    -5.95    3.71
 -30921.278     2.576    -0.16    4.07
 -30540.815     3.954     3.62    4.77
 -30160.247     4.401     1.17    4.42
 -29779.574     4.773     0.98    3.91
 -29398.797     5.695     2.42    3.84
 -29017.915     6.557     2.26    3.87
 -28636.929     7.914     3.56    3.41
 -28255.837     8.914     2.62    2.30
 -27874.640     9.256     0.90    2.32
 -27493.339     9.449     0.51    2.44
 -27111.932    10.392     2.47    3.58
 -26730.420    11.400     2.64    4.08
 -26348.803    11.978     1.51    3.72
 -25967.080    12.378     1.05    3.63
 -25585.252    11.873    -1.32    3.56
 -25203.318    10.663    -3.17    2.74
 -24821.278     9.704    -2.51    2.36
 -24439.133    10.056     0.92    2.31
 -24056.882    11.994     5.07    3.35
 -23674.524    14.387     6.26    4.01
 -23292.061    16.340     5.11    4.25
 -22909.492    19.133     7.30    4.31
 -22526.816    21.876     7.17    3.83
 -22144.035    22.445     1.49    4.75
 -21767.429    23.285     2.23    5.05
 -21404.337    23.184    -0.28    4.67
 -21041.153    23.545     0.99    4.35
 -20677.877    23.600     0.15    4.03
 -20314.508    22.277    -3.64    4.94
 -19951.046    20.537    -4.79    5.09
 -19587.492    19.279    -3.46    3.85
 -19223.844    19.245    -0.09    3.66
 -18860.105    18.626    -1.70    4.40
 -18496.272    18.639     0.04    4.32
 -18132.346    18.224    -1.14    3.88
 -17768.327    16.737    -4.08    4.03
 -17404.215    16.470    -0.73    4.25
 -17040.010    17.573     3.03    4.15
 -16675.711    19.870     6.31    5.00
 -16311.319    24.345    12.28    6.23
 -15946.834    28.729    12.03    6.86
 -15582.256    32.395    10.06    6.09
 -15217.583    35.216     7.73    5.43
 -14852.818    33.946    -3.48    7.68
 -14487.958    28.779   -14.16   10.68
 -14123.005    21.587   -19.71   11.17
 -13757.957    15.285   -17.26    8.23
 -13392.816    11.643    -9.97    4.77
 -13027.581    10.883    -2.08    3.21
 -12662.252    10.505    -1.04    3.04
 -12296.829     9.404    -3.01    4.11
 -11931.311     7.592    -4.96    4.28
 -11565.699     6.431    -3.18    3.32
 -11199.993     6.270    -0.44    2.75
 -10834.193     6.595     0.89    2.60
 -10468.298     6.749     0.42    2.64
 -10102.308     6.912     0.44    2.83
  -9736.223     6.970     0.16    2.84
  -9370.044     6.876    -0.26    2.43
  -9003.770     7.177     0.82    2.20
  -8637.402     6.946    -0.63    2.05
  -8270.938     6.274    -1.84    2.28
  -7904.379     5.172    -3.01    2.38
  -7537.725     4.423    -2.04    2.17
  -7170.976     3.771    -1.78    1.24
  -6804.132     4.258     1.33    1.74
  -6437.192     5.228     2.64    2.16
  -6070.157     5.714     1.33    1.69
  -5703.027     6.248     1.45    1.28
  -5335.801     6.345     0.26    0.96
  -4968.479     6.594     0.68    1.69
  -4601.061     7.327     2.00    2.47
  -4233.548     7.438     0.30    2.50
  -3865.939     6.666    -2.10    2.86
  -3498.234     5.938    -1.98    2.69
  -3130.433     5.393    -1.48    2.11
  -2762.536     6.204     2.20    2.69
  -2394.543     7.663     3.97    4.20
  -2026.453     7.737     0.20    4.67
  -1658.267     6.287    -3.94    5.74
  -1289.985     4.110    -5.91    5.71
   -921.607     1.642    -6.70    3.45
   -553.131     0.220    -3.86    0.75
   -184.559    -0.030    -0.68    0.09
    184.109     0.524     1.50    2.21
    552.874     3.482     8.02    7.52
    921.737     9.531    16.40   13.19
   1290.696    16.650    19.29   15.49
   1659.752    25.613    24.29   15.99
   2028.905    34.295    23.52   12.78
   2398.155    40.738    17.45    9.88
   2767.503    45.238    12.18   11.95
   3136.948    47.838     7.04   12.11
   3506.490    47.921     0.22   12.46
   3876.130    46.907    -2.74   11.52
   4245.867    43.657    -8.79   10.94
   4615.702    40.520    -8.48    8.62
   4985.635    36.485   -10.91    8.04
   5355.665    33.103    -9.14   11.58
   5725.794    30.728    -6.42   12.69
   6096.020    27.853    -7.76   10.23
   6466.344    27.510    -0.93    8.56
   6836.767    32.346    13.06    9.76
   7207.287    39.103    18.24   10.46
   7577.906    45.946    18.46   10.88
   7948.623    53.524    20.44   10.68
   8319.439    58.807    14.25    9.72
   8690.353    64.462    15.25    8.03
   9061.365    69.009    12.26    5.32
   9432.477    71.368     6.36    2.84
   9803.687    70.921    -1.20    3.77
  10174.996    70.423    -1.34    4.58
  10546.403    68.119    -6.20    6.00
  10917.910    63.658   -12.01    8.23
  11289.516    56.691   -18.75   10.24
  11661.221    48.414   -22.27   10.36
  12033.025    41.212   -19.37    8.44
  12404.928    37.103   -11.05    6.71
  12776.931    34.804    -6.18    5.32
  13149.033    33.165    -4.40    5.21
  13521.235    32.181    -2.64    5.72
  13893.536    32.053    -0.34    5.91
  14265.937    32.634     1.56    6.25
  14638.438    32.584    -0.13    7.07
  15011.038    32.573    -0.03    6.90
  15383.739    35.839     8.76    8.07
  15756.540    40.718    13.09   10.77
  16129.440    45.353    12.43   10.68
  16502.441    47.570     5.94    7.81
  16875.542    45.285    -6.12    7.15
  17248.744    41.489   -10.17    7.12
  17622.046    37.501   -10.68    5.44
  17995.448    35.226    -6.09    4.27
  18368.951    33.605    -4.34    5.19
  18742.555    33.866     0.70    5.12
  19116.259    34.768     2.41    5.76
  19490.065    34.798     0.08    6.58
  19863.971    36.845     5.48    6.42
  20237.978    39.162     6.19    7.38
  20612.086    40.836     4.47    8.24
  20986.296    41.650     2.18    8.62
  21360.606    41.504    -0.39    7.85
  21735.018    41.097    -1.09    6.13
  22109.532    44.210     8.31    8.48
  22484.146    46.747     6.77    9.79
  22858.863    47.562     2.18    9.40
  23233.681    45.985    -4.21    7.27
  23608.601    41.298   -12.50    8.33
  23983.623    36.494   -12.81    6.74
  24358.746    32.559   -10.49    6.68
  24733.972    29.494    -8.17    4.55
  25109.300    30.435     2.51    5.86
  25484.729    33.884     9.19    8.96
  25860.262    38.408    12.05    8.72
  26235.896    41.046     7.02    6.61
  26611.633    42.454     3.75    5.97
  26987.472    43.579     2.99    5.60
  27363.414    45.288     4.54    6.27
  27739.459    49.075    10.07    6.21
  28115.606    48.367    -1.88    6.79
  28491.856    45.024    -8.88    7.07
  28868.209    42.510    -6.68    5.57
  29244.665    42.163    -0.92    4.80
  29621.225    43.298     3.01    5.59
  29997.887    43.807     1.35    5.19
  30374.653    43.777    -0.08    4.99
  30751.522    43.744    -0.09    4.45
  31128.494    44.737     2.63    7.02
  31505.570    47.877     8.33    9.28
  31882.750    49.759     4.99    9.52
  32260.033    49.428    -0.88   10.15
  32637.420    44.152   -13.98   10.07
  33014.911    36.985   -18.99   12.49
  33392.506    29.768   -19.11   12.71
  33770.204    21.272   -22.49    7.63
  34148.007    18.371    -7.68    4.53
  34525.915    19.041     1.77    5.05
  34903.926    20.623     4.19    5.46
  35282.042    20.954     0.87    5.66
  35660.262    20.084    -2.30    4.48
  36038.587    18.675    -3.72    4.52
  36417.017    17.426    -3.30    4.81
  36795.551    15.202    -5.87    4.83
  37174.190    11.347   -10.18    6.21
  37552.934     7.486   -10.19    6.34
  37931.783     3.702    -9.99    4.35
  38310.737     1.765    -5.11    1.60
  38689.797     2.187     1.11    2.20
  39068.961     2.977     2.09    2.32
  39448.231     4.429     3.83    2.75
  39827.606     7.277     7.51    6.76
  40207.087    10.883     9.50   11.08
  40586.674    15.784    12.91   16.18
  40966.366    18.183     6.32   17.32
  41346.164    20.825     6.96   20.94
  41726.068    23.931     8.18   23.45
  42106.077    25.493     4.11   24.73
  42486.193    22.807    -7.07   23.04
  42866.415    17.283   -14.53   15.82
  43246.743    13.797    -9.17   10.57
  43627.178    12.977    -2.15   10.06
  44007.719    15.137     5.67   11.04
  44388.366    17.162     5.32   11.93
  44769.120    15.156    -5.27   10.24
  45149.981    13.248    -5.01    8.61
  45530.949    12.644    -1.59    7.32
  45912.023    17.652    13.14   14.02
  46293.204    23.854    16.27   13.74
  46674.493    28.362    11.82   10.85
  47055.888    27.875    -1.28    8.42
  47437.391    26.596    -3.35    8.68
  47819.001    24.190    -6.30    9.30
  48200.718    19.878   -11.30    9.17
  48582.543    16.045   -10.04    9.31
  48964.476    14.232    -4.75    8.63
  49346.516    16.151     5.02   10.07
  49728.664    19.091     7.69   12.98
  50110.920    26.900    20.43   14.74
  50493.284    32.700    15.17   12.82
  50875.756    39.438    17.62   11.18
  51258.336    42.493     7.98   10.44
  51641.024    46.897    11.51    8.97
  52023.820    52.613    14.93    9.98
  52406.725    55.528     7.61    9.74
  52789.739    52.588    -7.68   11.05
  53155.288    48.939    -9.98   10.53
  53518.257    47.802    -3.13    8.66
  53881.321    50.784     8.21    8.98
  54244.478    56.808    16.59    9.14
  54607.729    62.962    16.94    7.12
  54971.074    66.371     9.38    6.13
  55334.514    68.060     4.65    4.67
  55698.047    67.691    -1.02    5.10
  56061.675    64.340    -9.21    5.73
  56425.397    58.412   -16.30   10.46
  56789.214    49.923   -23.33   14.34
  57153.125    39.970   -27.35   13.44
  57517.130    31.666   -22.81    7.89
  57881.230    27.504   -11.43    5.25
  58245.425    27.522     0.05    9.44
  58609.715    34.070    17.98   18.62
  58974.100    45.288    30.78   25.00
  59338.579    56.541    30.88   20.16
  59703.154    59.038     6.85   17.17
  60067.823    54.220   -13.21   19.40
  60432.588    49.097   -14.04   14.29
  60797.448    52.163     8.41   16.19
  61162.404    57.550    14.76   17.52
  61527.454    67.009    25.91   12.47
  61892.601    72.741    15.70    7.56
  62257.842    71.697    -2.86    7.13
  62623.180    67.477   -11.55    9.37
  62988.613    59.634   -21.46   11.14
  63354.142    51.841   -21.32    9.56
  63719.766    47.718   -11.28    6.98
  64085.487    45.985    -4.74    4.03
  64451.304    49.508     9.63    6.75
  64817.217    56.247    18.42   10.09
  65183.226    64.559    22.71   11.41
  65549.331    70.000    14.86    9.15
  65915.532    72.685     7.33    6.79
  66281.830    72.309    -1.03    4.90
  66648.224    70.187    -5.79    5.89
  67014.715    66.290   -10.63    7.59
  67381.303    62.809    -9.50    6.50
  67747.987    61.887    -2.51    4.60
  68114.768    63.848     5.35    5.32
  68481.646    68.478    12.62    5.35
  68848.621    73.280    13.09    5.59
  69215.693    77.000    10.13    7.21
  69582.862    80.450     9.40    8.49
  69950.128    83.992     9.64    9.11
  70317.491    84.363     1.01    8.20
  70684.952    82.474    -5.14    7.87
  71052.510    77.451   -13.67    8.93
  71420.165    71.720   -15.59    8.39
  71787.919    65.495   -16.93    6.82
  72155.769    59.751   -15.61    7.71
  72523.718    54.503   -14.26    8.57
  72891.764    49.396   -13.88    6.93
  73259.909    47.744    -4.49    5.91
  73628.151    49.007     3.43    6.11
  73996.491    52.765    10.20    5.19
  74364.929    55.827     8.31    5.39
  74733.466    57.288     3.96    6.15
  75102.101    59.482     5.95    6.85
  75470.834    62.323     7.70    7.80
  75839.666    63.379     2.86    7.43
  76208.596    64.502     3.05    5.99
  76577.624    60.773   -10.11    6.99
  76946.752    55.076   -15.43    7.06
  77315.978    49.341   -15.53    6.91
  77685.303    44.288   -13.68    5.74
  78054.727    41.300    -8.09    3.93
  78424.250    40.394    -2.45    2.97
  78793.872    40.218    -0.48    2.81
  79163.593    39.586    -1.71    3.05
  79533.414    39.570    -0.04    3.35
  79903.334    39.932     0.98    3.63
  80273.353    40.022     0.24    4.00
  80643.472    41.258     3.34    3.86
  81013.690    41.014    -0.66    3.62
  81384.008    41.165     0.41    3.14
  81754.426    40.430    -1.98    3.20
  82124.943    40.089    -0.92    3.43
  82495.561    39.398    -1.86    4.08
  82866.278    37.853    -4.17    4.14
  83237.095    37.383    -1.27    4.44
  83608.013    36.588    -2.14    4.32
  83979.031    35.962    -1.69    4.49
  84350.149    35.809    -0.41    4.74
  84721.368    35.489    -0.86    5.94
  85092.687    34.007    -3.99    6.26
  85464.106    31.343    -7.18    6.75
  85835.626    28.104    -8.72    6.08
  86207.247    26.669    -3.86    4.14
  86578.969    26.729     0.16    3.46
  86950.792    29.486     7.42    4.29
  87322.715    33.458    10.68    5.35
  87694.740    36.924     9.32    5.35
  88066.866    40.073     8.46    5.38
  88439.093    40.604     1.43    5.48
  88811.421    39.813    -2.12    5.86
  89183.851    38.154    -4.45    5.27
  89556.382    36.616    -4.13    4.46
  89929.015    34.763    -4.97    6.05
  90301.750    33.647    -3.00    6.70
  90674.586    31.747    -5.09    6.81
  91047.524    29.515    -5.99    7.13
  91420.564    30.068     1.48    8.69
  91793.706    30.219     0.41    9.34
  92166.950    31.100     2.36    8.20
  92540.296    31.916     2.19    6.98
  92913.744    32.268     0.94    5.87
  93287.295    34.090     4.88    6.22
  93660.948    37.320     8.65    8.65
  94034.704    40.399     8.24   10.81
  94408.562    42.502     5.62   11.76
  94782.523    41.864    -1.70   10.44
  95156.586    40.592    -3.40    8.82
  95530.753    39.759    -2.23    6.35
  95905.022    40.141     1.02    5.82
  96279.395    40.864     1.93    4.62
  96653.870    39.742    -3.00    4.84
  97028.449    37.432    -6.17    4.05
  97403.131    35.876    -4.15    3.02
  97777.916    36.716     2.24    5.70
  98152.805    38.112     3.73    8.86
  98527.797    39.224     2.96   10.72
  98902.893    39.462     0.63   11.20
  99278.092    39.826     0.97    9.95
  99653.396    39.478    -0.93    6.88
 100028.803    40.638     3.09    6.39
 100404.314    40.432    -0.55    6.20
 100779.930    39.189    -3.31    6.46
 101155.649    39.036    -0.41    5.55
 101531.473    38.554    -1.28    5.10
 101907.401    37.984    -1.52    4.56
 102283.433    38.148     0.44    4.42
 102659.570    36.795    -3.60    5.01
 103035.811    34.473    -6.17    6.31
 103412.158    32.480    -5.29    6.35
 103788.608    30.670    -4.81    5.96
 104165.164    29.903    -2.04    6.20
 104541.825    30.283     1.01    6.91
 104918.591    29.553    -1.94    6.72
 105295.461    29.268    -0.76    7.41
 105672.437    30.168     2.39    8.37
 106049.519    28.947    -3.24    9.54
 106426.705    26.909    -5.40   10.57
 106803.998    22.220   -12.43    9.91
 107181.395    19.117    -8.22    7.93
 107558.899    17.871    -3.30    5.35
 107936.508    18.338     1.24    5.01
 108314.223    19.110     2.04    4.31
 108692.043    18.821    -0.76    3.97
 109069.970    17.295    -4.04    3.10
 109448.003    15.643    -4.37    2.53
 109826.142    14.096    -4.09    2.96
 110204.388    12.153    -5.14    2.48
 110582.740    11.576    -1.53    1.82
 110961.198    11.736     0.42    1.57
 111339.763    11.503    -0.62    1.96
 111718.434    11.106    -1.05    2.40
 112097.212    10.638    -1.23    2.61
 112476.097    13.278     6.97    7.26
 112855.089    17.466    11.05    9.78
 113234.188    19.125     4.38   10.28
 113613.394    19.060    -0.17    9.11
 113992.708    17.676    -3.65    6.66
 114372.128    18.651     2.57    8.11
 114751.656    22.115     9.13   10.73
 115131.291    24.175     5.43   11.63
 115511.034    25.398     3.22   11.34
 115890.885    27.195     4.73   10.73
 116270.843    25.192    -5.27    8.15
 116650.909    23.603    -4.18    5.14
 117031.084    21.947    -4.36    6.40
 117411.366    19.992    -5.14    6.36
 117791.756    17.734    -5.94    6.21
 118172.254    15.484    -5.91    5.35
 118552.861    14.318    -3.06    5.08
 118933.576    12.126    -5.76    4.67
 119314.400     9.903    -5.84    4.29
 119695.332     7.724    -5.72    4.49
 120076.373     5.162    -6.72    4.30
 120457.523     2.955    -5.79    2.29
 120838.781     1.819    -2.98    1.02
 121220.149     1.462    -0.94    0.75
 121601.625     1.234    -0.60    0.60
 121983.211     1.300     0.17    0.69
 122364.906     1.488     0.49    0.82
 122746.710     1.641     0.40    0.80
 123128.624     1.866     0.59    0.77
 123510.647     2.098     0.61    0.88
 123892.780     2.388     0.76    1.08
 124275.023     2.785     1.04    1.25
 124657.375     3.000     0.56    1.48
 125039.838     3.506     1.32    1.77
 125422.410     3.900     1.03    1.63
 125805.092     3.835    -0.17    1.52
 126187.885     3.940     0.27    1.57
 126570.788     3.977     0.10    1.13
 126953.801     3.837    -0.37    1.24
 127336.925     3.842     0.01    1.40
 127711.686     3.880     0.10    1.57
 128074.454     3.859    -0.06    1.60
 128437.317     3.757    -0.28    1.35
 128800.275     3.347    -1.13    1.35
 129163.328     2.984    -1.00    1.29
 129526.477     2.785    -0.55    1.28
 129889.721     3.723     2.58    2.91
 130253.060     6.572     7.84    6.00
 130616.495     9.697     8.60    7.17
 130980.025    14.531    13.30    7.03
 131343.651    18.473    10.84    6.93
 131707.372    19.947     4.05    6.79
 132071.190    22.095     5.90    6.68
 132435.103    24.170     5.70    6.05
 132799.112    26.043     5.15    5.46
 133163.217    27.035     2.73    5.15
 133527.418    29.105     5.68    4.97
 133891.715    29.916     2.23    3.70
 134256.109    29.525    -1.07    3.62
 134620.599    28.858    -1.83    3.67
 134985.185    27.067    -4.91    4.66
