# NaN NaN NaN ;Mean Elev.(m), Avg Gradient(m/km), RMS Gradient(m/km) - SRTM1     
#   10.204  -3.677  12.079 ;Mean Elev.(m), Avg Gradient(m/km), RMS Gradient(m/km) - ASTER GDEM
#    2.000  -2.427   7.819 ;Mean Elev.(m), Avg Gradient(m/km), RMS Gradient(m/km) - GMTED2010 
  9     1.377 52521.18025077 33.88 113.641822  72.623564 11.789
  9     1.322 52521.18025141 25.94 113.636102  72.620684 11.789
  9     1.409 52521.18025206 24.10 113.630382  72.617804 11.789
 10     0.292 52556.18030224 34.64 113.654492  72.618876  7.081
 10     0.455 52556.18030289 33.45 113.648772  72.615996  7.081
 11     3.424 52591.18029381 19.71 113.643815  72.620517  3.071
 11     3.593 52591.18029446 19.67 113.638095  72.617637  3.071
 12     4.839 52626.18021442 16.00 113.645547  72.623042  2.848
 12     4.068 52626.18021506 16.30 113.639827  72.620162  2.848
 12     1.721 52626.18021571 16.66 113.634117  72.617282  2.848
 13     3.725 52661.18025825 15.69 113.647962  72.619793  2.718
 13     4.217 52661.18025890 15.18 113.642242  72.616913  2.718
 15     5.654 52731.18026375 13.74 113.656286  72.620962  4.312
 15     3.908 52731.18026439 14.38 113.650566  72.618092  4.312
 15     2.364 52731.18026504 14.62 113.644846  72.615212  4.312
 16     5.154 52766.18027393 10.04 113.626573  72.622643  2.558
 16     5.459 52766.18027457 10.60 113.620863  72.619773  2.558
 18     6.198 52836.18033911 17.54 113.668749  72.619648 10.362
 18     7.443 52836.18033976 18.17 113.663029  72.616768 10.362
 19     0.280 52871.18037993 27.30 113.661730  72.621107 11.504
 19     0.829 52871.18038058 27.11 113.656010  72.618227 11.504
 19     0.733 52871.18038122 30.25 113.650290  72.615357 11.504
 20     2.420 52906.18037661 27.37 113.649335  72.621891  8.770
 20     0.694 52906.18037726 28.03 113.643615  72.619011  8.770
 20     0.582 52906.18037790 25.40 113.637895  72.616131  8.770
 23     4.687 53011.18036004 11.59 113.644423  72.621415  3.065
 23     4.763 53011.18036069 13.17 113.638703  72.618535  3.065
 24     3.923 53046.18032437 12.32 113.661883  72.618232  2.819
 24     3.313 53046.18032502 12.20 113.656163  72.615352  2.819
 25     4.750 53081.18035880 12.05 113.641870  72.621745  2.749
 25     4.786 53081.18035944 11.73 113.636150  72.618875  2.749
 26     4.525 53116.18032894 11.57 113.662021  72.619931  2.383
 26     3.714 53116.18032958 11.57 113.656301  72.617051  2.383
 27    17.947 53151.18037702  7.25 113.650096  72.620353  1.959
 27    20.580 53151.18037766  7.65 113.644376  72.617473  1.959
 28     2.182 53186.18036344 47.75 113.665104  72.620842 18.873
 28     1.952 53186.18036408 51.73 113.659384  72.617962 18.873
 28     2.149 53186.18036473 52.99 113.653664  72.615082 18.873
 29     0.566 53221.18039050 26.08 113.644266  72.619907 13.566
 29     0.412 53221.18039115 28.09 113.638556  72.617027 13.566
 30     0.399 53256.18036667 28.52 113.633513  72.623676 15.378
 30     0.108 53256.18036732 28.48 113.627793  72.620796 15.378
 31     3.533 53291.18037961 25.65 113.662611  72.620164  4.319
 31     2.625 53291.18038026 25.86 113.656891  72.617284  4.319
 31     1.135 53291.18038090 25.21 113.651161  72.614404  4.319
 32     4.024 53326.18035490 17.18 113.648181  72.618858  2.908
 32     3.382 53326.18035555 18.26 113.642467  72.615981  2.814
 33     4.439 53361.18031221 13.70 113.645242  72.622340  2.549
 33     4.747 53361.18031285 14.07 113.639522  72.619460  2.549
 33     3.078 53361.18031350 14.35 113.633802  72.616590  2.549
 34     4.592 53396.18033185 13.77 113.663128  72.619592  3.219
 34     3.090 53396.18033249 15.54 113.657408  72.616712  3.219
 35     4.243 53431.18032435 14.43 113.641700  72.621590  2.912
 35     3.651 53431.18032499 13.51 113.635990  72.618710  2.912
 36     4.118 53466.18035530 11.62 113.665790  72.617711  2.565
 36     3.647 53466.18035594 11.24 113.660070  72.614841  2.565
 37     4.646 53501.18041285 10.09 113.644587  72.620198  2.410
 37     4.353 53501.18041349 10.03 113.638857  72.617318  2.410
 38     3.372 53536.18040282 50.37 113.644981  72.619365 14.801
 38     3.379 53536.18040347 48.00 113.639261  72.616495 14.801
 39     0.958 53571.18041073 24.25 113.640784  72.620610  6.643
 39     7.582 53571.18041138 22.02 113.635064  72.617730  6.643
 40     6.982 53606.18035837 19.72 113.635495  72.623998  7.377
 40     8.230 53606.18035901 17.94 113.629775  72.621118  7.377
 41     3.580 53641.18035801 22.62 113.667659  72.620277  8.864
 41     0.687 53641.18035865 24.61 113.661939  72.617397  8.864
 41     0.777 53641.18035929 23.72 113.656219  72.614517  8.864
 42     3.340 53676.18037823 19.72 113.645402  72.619664  3.719
 42     1.177 53676.18037888 19.84 113.639682  72.616784  3.719
 43     4.298 53711.18030749 12.98 113.640588  72.622554  2.407
 43     3.799 53711.18030814 13.01 113.634868  72.619674  2.407
 45     4.023 53781.18024926 14.04 113.653852  72.620140  2.785
 45     3.832 53781.18024991 14.25 113.648132  72.617260  2.785
 45     4.306 53781.18025055 14.03 113.642422  72.614390  2.785
 46     2.894 53816.18021772 14.36 113.628028  72.622073  3.003
 46     3.053 53816.18021837 13.53 113.622308  72.619193  3.003
 47     3.723 53851.18028569 12.67 113.659160  72.618359  2.466
 47     3.139 53851.18028634 12.19 113.653440  72.615489  2.466
 48     6.778 53886.18029356 22.33 113.662852  72.620399  4.515
 48     1.170 53886.18029421 20.77 113.657132  72.617519  4.515
 48     7.231 53886.18029485 18.88 113.651412  72.614639  4.515
 49     0.395 53921.18036409 28.27 113.643990  72.620420 18.618
 49     0.287 53921.18036474 29.79 113.638264  72.617545  7.689
 50     1.102 53956.18036094 49.58 113.641425  72.621980 23.065
 50     1.186 53956.18036158 44.12 113.635705  72.619100 23.065
 51     1.017 53991.18028024 32.06 113.634788  72.623118 15.140
 51     0.995 53991.18028089 27.71 113.629068  72.620238 15.140
 52     2.587 54026.18034570 28.18 113.667476  72.618963  6.555
 52     1.870 54026.18034635 26.87 113.661756  72.616083  6.555
 53     3.731 54061.18033931 17.33 113.655544  72.620172  3.225
 53     3.279 54061.18033996 17.05 113.649827  72.617289  2.893
 53     4.378 54061.18034060 17.42 113.644107  72.614409  2.893
 54     3.015 54096.18031293 12.24 113.633401  72.621344  2.523
 54     3.005 54096.18031357 12.03 113.627681  72.618464  2.523
 56     3.594 54166.18028485  8.91 113.641602  72.621527  2.438
 56     3.511 54166.18028550  8.53 113.635882  72.618647  2.438
 57     3.724 54201.18026341  9.03 113.662999  72.618615  2.430
 57     3.591 54201.18026405  8.91 113.657279  72.615735  2.430
 58     4.491 54236.18029927  8.32 113.658791  72.620506  2.289
 58     4.984 54236.18029991  8.78 113.653071  72.617626  2.289
 58     5.928 54236.18030056  8.51 113.647351  72.614746  2.289
 59     2.881 54271.18032007 50.25 113.652173  72.621677 21.681
 59     2.761 54271.18032071 51.76 113.646453  72.618797 21.681
 59     2.668 54271.18032136 49.87 113.640733  72.615917 21.681
 60     0.273 54306.18032316 26.66 113.651578  72.619242 20.906
 60     0.278 54306.18032380 27.84 113.645858  72.616362 20.906
 61     2.177 54341.18030477 51.31 113.640826  72.620753 21.946
 61     2.243 54341.18030542 51.97 113.635116  72.617873 21.946
 62    -0.032 54376.18025722 27.19 113.661628  72.620869 24.022
 62     0.926 54376.18025786 31.89 113.655908  72.617989 24.022
 62     0.757 54376.18025851 34.93 113.650188  72.615119 24.022
 63     3.858 54411.18025145 20.86 113.647341  72.620071  4.534
 63     1.874 54411.18025210 21.58 113.641621  72.617201  4.534
 64     3.512 54446.18022195 13.23 113.665047  72.616984  3.238
 64     2.589 54446.18022259 13.92 113.659317  72.614104  3.238
 65     4.678 54481.18024273 11.36 113.654066  72.620891  2.663
 65     4.133 54481.18024337 11.39 113.648346  72.618021  2.663
 65     1.766 54481.18024402 12.65 113.642629  72.615136  2.138
 66     4.025 54516.18023588  9.82 113.666974  72.618329  2.633
 66     3.141 54516.18023653 10.57 113.661254  72.615459  2.633
 67     4.854 54551.18025597  9.18 113.640443  72.621235  2.799
 67     5.030 54551.18025662  8.95 113.634733  72.618355  2.799
 68     3.885 54586.18023149  8.58 113.655990  72.619738  2.413
 68     4.587 54586.18023213  7.91 113.650270  72.616868  2.413
 70     2.036 54656.18026060 26.74 113.649948  72.621094 11.597
 70     0.989 54656.18026125 25.73 113.644228  72.618224 11.597
 70     5.901 54656.18026189 25.54 113.638508  72.615344 11.597
 71     0.634 54691.18024564 29.89 113.643542  72.620439 12.431
 71     0.696 54691.18024629 29.80 113.637822  72.617569 12.431
 72     0.846 54726.18021159 21.89 113.666891  72.619634 12.215
 72     1.368 54726.18021224 21.37 113.661171  72.616764 12.215
 73    -0.071 54761.18022260 24.69 113.647024  72.619927  5.000
 73     0.726 54761.18022325 24.06 113.641304  72.617047  5.000
 75     4.278 54831.18022298 10.15 113.648474  72.619475  2.437
 75     4.727 54831.18022363  9.99 113.642754  72.616595  2.437
 76     1.168 54866.18020026 18.96 113.667143  72.618999  6.310
 76     0.877 54866.18020090 23.47 113.661423  72.616129  6.310
 77     0.889 54901.18022164 13.89 113.643747  72.622515  4.079
 77     0.921 54901.18022229 15.78 113.638027  72.619635  4.079
 78     3.310 54936.18019100 10.64 113.659699  72.619388  2.998
 78     2.416 54936.18019165 10.31 113.653979  72.616508  2.998
 79     4.354 54971.18022336  7.58 113.656507  72.620785  2.241
 79     5.612 54971.18022400  7.39 113.650787  72.617905  2.241
 79     3.260 54971.18022465  7.59 113.645067  72.615035  2.241
 80     2.067 55006.18024312 51.56 113.647472  72.620566 19.056
 80     2.066 55006.18024377 50.30 113.641752  72.617696 19.056
 81    -0.039 55041.18023116 36.15 113.651443  72.620142 19.773
 81     0.074 55041.18023180 32.02 113.645723  72.617272 19.773
 82     2.272 55076.18021209 29.61 113.644728  72.622748 17.099
 82     0.789 55076.18021273 24.43 113.639008  72.619878 17.099
 82     0.963 55076.18021337 27.99 113.633298  72.616998 17.099
 83     0.815 55111.18016374 38.52 113.659962  72.618878 18.326
 83     0.565 55111.18016438 43.80 113.654242  72.616008 18.326
 84     3.292 55146.18016602 19.86 113.647954  72.620989  4.727
 84     1.561 55146.18016666 21.15 113.642234  72.618109  4.727
 86     0.658 55216.18016079 21.64 113.644578  72.619779  8.372
 86     0.448 55216.18016143 24.79 113.638868  72.616899  8.372
 87     1.232 55251.18013803 17.11 113.666431  72.620082  4.977
 87     0.895 55251.18013867 20.18 113.660711  72.617212  4.977
 87     1.148 55251.18013932 20.57 113.654991  72.614332  4.977
 88     3.068 55286.18015405 13.11 113.642272  72.622626  3.208
 88     1.741 55286.18015470 13.67 113.636552  72.619756  3.208
 89     1.732 55321.18012844 12.86 113.645860  72.619201  3.121
 89     1.700 55321.18012909 11.64 113.640140  72.616321  3.121
 90     1.433 55356.18012864 51.03 113.646635  72.619995 15.880
 90     1.552 55356.18012928 43.55 113.640915  72.617125 15.880
 91     1.091 55391.18012887 47.24 113.663324  72.620967 23.855
 91     1.166 55391.18012952 49.39 113.657604  72.618097 23.855
 91     1.141 55391.18013016 49.69 113.651884  72.615217 23.855
 92     2.553 55426.18014496 21.81 113.652777  72.620699 13.842
 92     1.843 55426.18014561 22.64 113.647047  72.617829 13.842
 92     1.939 55426.18014625 22.90 113.641337  72.614949 13.842
 93     0.769 55461.18011236 22.86 113.642131  72.622270 15.029
 93     1.069 55461.18011300 21.74 113.636411  72.619390 15.029
